cyc,freq,VVA,Charge Time,Wiggle Time,Pulse Time,cyc,ROIsum,fBg,fA1,fWidth1,fCtr1,fA2,fWidth2,fCtr2,box1,box2,box3,box4,box5,box6,box7,box8,box9,Nfit,BZ-2,BZ-1,BZ0,BZ1,BZ2,Excited,c5,c7,c9,fraction95,fraction75,fraction97,sum95
0,44.845,1.6,0.75,0.17,0.06,0,31215.9,-0.342218,49.0595,14.6677,79.2701,0.709971,381.535,499.184,-2.70958,-2.11628,-6.07409,-3.11766,-0.424747,25.5778,801.841,-64.9526,31804.1,32243.1,-2.87064,-2.27734,-6.3962,-3.27872,-0.585803,0.584897,765.966,-67.6101,31768.3,0.0182092,1.18269,-0.00393585,42064.7 
1,44.85,1.6,0.75,0.17,0.06,1,28638.6,-0.34969,47.0403,14.0678,79.5134,-0.0519758,206.466,1.48589,-1.04181,0.113228,0.151389,-0.793421,0.29431,26.5487,354.945,-64.8034,29870.3,21891.6,-1.20898,-0.0539423,-0.182951,-0.960591,0.12714,0.919734,317.708,-67.5617,29833.1,0.00812537,1.59272,-0.00418921,39100.7 
2,44.78,1.6,0.75,0.17,0.06,2,28095.6,-0.293578,46.3037,13.9501,79.3333,0.0750153,-487.963,2.5293e-05,-0.693631,0.998268,-0.0284287,-1.41992,-1.49634,-55.8816,323.511,-70.0635,29282.3,22219.2,-0.34176,1.35014,0.675314,-1.06805,-1.14447,2.277,401.89,-64.2576,29360.7,0.0104195,1.38851,-0.00404787,38570.8 
3,44.79,1.6,0.75,0.17,0.06,3,31905.1,-0.360565,50.3089,14.5882,79.4908,0.222634,-1067.59,52.0714,-2.08757,-0.251833,-2.10789,-0.0484835,-0.811375,5.07556,1836.17,-67.2494,31348.6,31628.8,-2.11953,-0.283793,-2.17181,-0.080443,-0.843335,0.605048,1829.05,-67.7767,31341.5,0.0429627,1.06934,-0.00399953,42573 
4,44.82,1.6,0.75,0.17,0.06,4,30843.8,-0.211857,54.9182,12.7726,79.8332,0.166068,-429.189,0.000280842,-0.0148577,0.0562035,-1.8921,0.267557,0.401268,23.9766,18519.5,200.945,13531.3,25154.7,-0.165832,-0.0947706,-2.19405,0.116583,0.250294,-0.0509029,18485.9,198.454,13497.7,0.513028,0.981559,0.0263699,36032.9 
5,44.815,1.6,0.75,0.17,0.06,5,28075.5,-0.0014584,49.7267,12.8353,79.854,-0.0512404,72.3951,2.55242e-12,0.751648,0.634829,-0.428666,1.21026,2.54588,-55.1588,22369.8,290.081,6895.1,20898.1,1.09897,0.98215,0.265975,1.55758,2.8932,0.960874,22447.1,295.812,6972.47,0.712351,0.977458,0.0724875,31511.3 
6,44.855,1.6,0.75,0.17,0.06,6,27261.4,-0.373251,46.2306,13.7244,79.436,0.0749813,1122.7,461.393,-1.46072,-1.21762,-1.13937,-1.1975,0.0629695,-26.7361,752.996,-59.6562,28015.4,23395,-1.29237,-1.04927,-0.802669,-1.02915,0.23132,0.796387,790.496,-56.8785,28052.9,0.0212161,1.14406,-0.00374895,37259.3 
7,44.785,1.6,0.75,0.17,0.06,7,30070,-0.181589,48.5676,14.1735,79.5507,0.0412107,49.7431,0.0215453,-0.2091,-1.44605,0.528756,0.313473,1.39859,-3.43348,575.45,-59.8725,30881.1,22475.6,-0.18748,-1.42443,0.571995,0.335092,1.42021,0.200436,580.266,-59.5158,30885.9,0.014246,1.21876,-0.0035623,40731.9 
8,44.795,1.6,0.75,0.17,0.06,8,31020.6,-0.15477,49.2935,14.3365,79.5501,-0.177433,320.645,500,1.90718,-0.583348,-3.33079,2.19212,-2.07323,-68.173,1588.15,-65.9067,30696.5,24857.3,2.33644,-0.154081,-2.47226,2.62139,-1.64396,4.59587,1683.77,-58.8238,30792.1,0.040365,1.06512,-0.0035315,41713.6 
9,44.825,1.6,0.75,0.17,0.06,9,31821.5,0.0030122,52.1464,13.7978,79.8887,-0.0185324,-0.0251657,500,2.44529,-1.56287,-2.78837,2.20265,1.9449,-20.7229,4229.28,24.2878,28957.2,23422.3,2.57577,-1.43238,-2.52739,2.33314,2.07539,1.83563,4258.35,26.4408,28986.3,0.101533,0.989251,0.00167752,41940.5 
10,44.86,1.6,0.75,0.17,0.06,10,29495.9,-0.36127,48.3025,14.1124,79.7974,0.209811,81.3157,32.1027,0.528008,-0.445974,-0.682698,0.107597,-0.0850252,3.32984,630.232,-72.3295,30379.1,22745.8,0.507041,-0.466941,-0.724632,0.08663,-0.105992,-0.0294601,625.562,-72.6755,30374.4,0.0155953,1.25519,-0.00442703,40112.3 
11,44.835,1.6,0.75,0.17,0.06,11,26582.2,-0.0766217,45.8861,13.235,79.7164,0.496504,-151.508,0.0295806,0.2963,-3.15366,-3.33541,1.1455,-0.672754,-42.5734,1660.58,-39.7379,26289.6,22218.6,0.564374,-2.88558,-2.79927,1.41357,-0.404681,0.319176,1720.29,-35.3147,26349.4,0.0478198,1.03726,-0.00247499,35974.4 
12,44.865,1.6,0.75,0.17,0.06,12,30412.6,-0.386278,48.5621,14.5051,79.6727,-0.588225,1134.04,462.53,-0.110163,0.290878,0.631105,3.03421,1.3454,7.74375,310.332,-89.5906,31526.2,44645.8,-0.158924,0.242117,0.533585,2.98545,1.29664,0.89108,299.471,-90.3952,31515.3,0.0072565,2.11971,-0.00531177,41269.3 
13,44.84,1.6,0.75,0.17,0.06,13,31493.2,-0.367012,51.4192,14.1134,79.7615,-0.231903,341.787,460.46,0.673827,-1.36117,-2.56264,2.03766,2.03459,-13.3915,2261.14,-45.0083,30589.7,26204.1,0.75815,-1.27685,-2.39399,2.12198,2.11892,2.80242,2279.92,-43.617,30608.4,0.0541923,1.03464,-0.00263191,42070.9 
14,44.805,1.6,0.75,0.17,0.06,14,30726.6,-0.0256851,52.5707,13.2971,80.1624,-0.029572,86.8719,500,-0.198817,0.726571,-0.211739,1.48526,-1.14652,8.97376,6528.8,51.6497,25734.7,22839.5,-0.255323,0.670066,-0.32475,1.42876,-1.20302,2.02858,6516.21,50.7174,25722.1,0.163089,0.986562,0.00361901,39955 
15,44.81,1.6,0.75,0.17,0.06,15,31549.1,-0.00109574,56.411,12.7017,80.1856,-0.0580538,-21.9534,500,-0.629053,0.930233,1.16072,1.16507,-0.571607,-33.1384,17847.3,194.828,15092.9,23366.5,-0.420389,1.1389,1.57805,1.37373,-0.362943,0.522865,17893.8,198.27,15139.4,0.476215,0.980978,0.0235565,37575 
16,44.83,1.6,0.75,0.17,0.06,16,30879.7,-0.136582,49.8558,14.1931,79.7645,-0.268719,460.305,500,-0.164701,1.53943,-1.04553,1.35641,2.04141,-29.8593,836.213,-81.351,31501.4,27061.6,0.0233153,1.72744,-0.669497,1.54442,2.22942,1.1379,878.093,-78.2487,31543.2,0.0209647,1.18476,-0.00459065,41884.3 
17,44.8,1.6,0.75,0.17,0.06,17,27185.5,-0.359539,46.0704,13.7026,79.7758,0.209265,-48.8437,497.571,0.700827,0.641959,-4.06829,3.54694,3.60334,-36.0066,676.341,-62.4757,28085.2,20883.1,0.927551,0.868683,-3.61484,3.77366,3.83006,1.62485,726.844,-58.7347,28135.7,0.0194848,1.16471,-0.00386034,37303.2 
