cyc,freq,VVA,Charge Time,Wiggle Time,Pulse Time,cyc,ROIsum,fBg,fA1,fWidth1,fCtr1,fA2,fWidth2,fCtr2,box1,box2,box3,box4,box5,box6,box7,box8,box9,Nfit,BZ-2,BZ-1,BZ0,BZ1,BZ2,Excited,c5,c7,c9,fraction95,fraction75,fraction97,sum95
90,44.845,1.6,0.55,0.37,0.06,90,27929.1,-0.303254,47.2746,13.5602,80.0082,-0.227697,84.5036,445.891,-0.216182,-0.647997,3.3624,3.50256,-1.39425,-35.5376,1948.01,-34.102,27381.5,21494.7,0.00758862,-0.424226,3.80994,3.72634,-1.17048,0.359583,1997.86,-30.4098,27431.3,0.0530518,1.02737,-0.0020463,37658.6 
91,44.85,1.6,0.55,0.37,0.06,91,28236.3,-0.27431,47.4406,13.6257,80.1632,-0.149319,31.4359,419.967,-0.375843,0.983114,3.62789,-1.14868,-2.12472,46.5002,1737.48,-29.0892,27927.8,21195.6,-0.668642,0.690314,3.04229,-1.44148,-2.41752,4.82662,1672.26,-33.9204,27862.6,0.0441303,1.0368,-0.00224765,37893.6 
92,44.78,1.6,0.55,0.37,0.06,92,28248.4,-0.0913337,47.19,13.6003,80.4372,-0.0661963,133.302,500,-1.55219,0.7915,-2.37101,-3.62637,-0.466391,8.54047,538.143,-40.1146,29017.8,21179.9,-1.60596,0.737723,-2.47857,-3.68015,-0.520168,0.671588,526.164,-41.002,29005.8,0.0137618,1.1579,-0.00261076,38233.7 
93,44.79,1.6,0.55,0.37,0.06,93,30774.8,-0.338113,49.6024,14.2497,79.8534,-0.073937,-14.0664,477.588,3.4543,0.42093,0.234714,-1.13393,1.35001,-27.9277,532.998,-64.0809,31518.3,23043.1,3.63015,0.596783,0.58642,-0.958081,1.52586,0.891023,572.17,-61.1793,31557.5,0.0137551,1.23019,-0.00358402,41596.9 
94,44.82,1.6,0.55,0.37,0.06,94,30488.1,-0.169709,53.93,12.8107,80.5094,-0.00221739,172.606,500,0.398491,0.647909,0.720793,-2.24389,-2.37373,-14.9249,14910.3,290.02,16674.9,22502.9,0.492469,0.741887,0.908749,-2.14991,-2.27975,1.39743,14931.2,291.57,16695.8,0.407558,0.966956,0.0311673,36635.8 
95,44.815,1.6,0.55,0.37,0.06,95,28546.5,-0.0320198,49.7851,12.9799,80.3117,0.00117806,20.8507,500,0.109478,0.714401,-5.35631,-1.91232,-0.262545,17.0202,5161.45,39.6284,24727.4,21036.9,0.00230693,0.60723,-5.57065,-2.0195,-0.369716,0.242122,5137.58,37.8601,24703.5,0.137914,0.987268,0.00281522,37252.1 
96,44.855,1.6,0.55,0.37,0.06,96,25932.3,0.0450412,44.825,-13.1524,80.1398,0.00677683,-59.5437,3.60567e-12,1.29284,2.75045,1.08423,0.937154,-0.743085,-58.9912,502.62,-30.0627,26756.8,19205.2,1.66429,3.1219,1.82714,1.30861,-0.371633,0.758005,585.361,-23.9338,26839.6,0.0164998,1.07707,-0.00164537,35476.8 
97,44.785,1.6,0.55,0.37,0.06,97,27994.8,-0.254056,47.3663,13.5852,80.1131,-0.0252046,204.173,500,0.848398,0.415949,-0.621984,-0.655099,0.815599,-33.5959,857.721,-62.1535,28513.5,21115,1.05994,0.627494,-0.198895,-0.443554,1.02714,1.09599,904.843,-58.663,28560.7,0.0237906,1.12798,-0.00379802,38033.7 
98,44.795,1.6,0.55,0.37,0.06,98,28180.6,-0.34823,46.7583,13.9359,80.0694,0.386277,388.759,329.944,-2.02006,1.91483,0.349703,-0.912481,-1.04286,-0.964456,496.465,-61.2509,29123.9,26100.8,-2.01398,1.92091,0.361849,-0.906408,-1.03679,1.2161,497.818,-61.1507,29125.2,0.0129773,1.27383,-0.00388266,38360.6 
99,44.825,1.6,0.55,0.37,0.06,99,32924.4,-0.325553,57.045,13.1841,80.5899,-0.570458,567.855,5.89973,2.42865,1.48874,2.83748,-1.89103,2.15333,-10.6782,23631,343.487,10317.9,35028.1,2.49589,1.55598,2.97195,-1.8238,2.22056,0.599499,23645.9,344.596,10332.9,0.637723,0.975131,0.0578775,37078.7 
100,44.86,1.6,0.55,0.37,0.06,100,27821.1,-0.0471506,46.2837,13.679,80.0151,0.014659,72.9788,7.32449e-12,2.41693,1.78594,1.4432,-0.195978,-0.786623,-53.0384,393.26,-68.2624,28789.9,20644.8,2.7509,2.11991,2.11113,0.13799,-0.452655,0.683359,467.652,-62.7519,28864.3,0.0123095,1.30689,-0.0040209,37991.2 
101,44.835,1.6,0.55,0.37,0.06,101,28190.9,-0.0712109,48.9889,13.094,80.3296,-0.0460721,72.8756,500,1.43514,0.0371043,-3.44187,1.25084,-0.0456721,-53.0161,4090.51,50.2959,25463.2,20991,1.76897,0.370933,-2.77422,1.58467,0.288156,3.23997,4164.87,55.804,25537.5,0.111468,0.977089,0.00400919,37363.6 
102,44.865,1.6,0.55,0.37,0.06,102,30008.2,-0.0608379,48.8224,14.0034,80.085,-0.0432247,123.316,500,-0.583969,1.51081,-1.28781,-1.10642,0.795966,-37.8576,849.21,-53.1097,30438.4,22429.5,-0.34559,1.74919,-0.811055,-0.868046,1.03435,2.0688,902.309,-49.1765,30491.5,0.0222566,1.10543,-0.00297979,40541.2 
103,44.84,1.6,0.55,0.37,0.06,103,28446.5,-0.0791431,47.7272,13.5408,80.1867,-0.0860226,71.3299,500,-1.70179,0.56773,-0.821474,0.65282,1.03323,6.38364,1237.69,-32.0883,28632.7,21237.8,-1.74199,0.527534,-0.901866,0.612624,0.993033,-0.766076,1228.73,-32.7516,28623.7,0.0319653,1.04893,-0.00211221,38439.6 
104,44.805,1.6,0.55,0.37,0.06,104,30888.7,-0.195718,49.4166,14.1624,79.9941,-0.0189759,40.7784,499.602,0.635851,0.49558,-1.84156,-1.90246,2.24219,8.19477,2246.74,-36.1568,29810.4,22807.8,0.58425,0.44398,-1.94476,-1.95406,2.19059,-1.85994,2235.24,-37.0082,29798.9,0.0545529,1.02984,-0.00229301,40973.8 
105,44.81,1.6,0.55,0.37,0.06,105,30137.4,-0.0247207,49.1578,13.9193,80.0643,-0.0459427,9.99885,500,0.160523,0.950402,-0.246912,-0.0205503,2.51476,-1.52073,1771.21,-51.798,29755,22289.3,0.170099,0.959978,-0.227761,-0.0109747,2.52434,1.06668,1773.34,-51.64,29757.2,0.0438321,1.0537,-0.00320701,40457.7 
106,44.83,1.6,0.55,0.37,0.06,106,30443.2,-0.0354264,53.653,12.751,80.2337,0.000462088,-144.129,499.993,0.67263,1.04822,2.92827,1.86086,3.12273,-47.2732,14263.1,215.59,17240.1,22272.8,0.970296,1.34589,3.5236,2.15853,3.4204,0.691419,14329.4,220.502,17306.4,0.389092,0.973777,0.0229321,36827.7 
107,44.8,1.6,0.55,0.37,0.06,107,30798.2,-0.168111,50.9254,13.8265,80.2399,-0.114083,191.471,446.353,0.783758,-0.155921,-1.25193,-2.01712,-2.00519,-6.87342,1808.2,-19.7853,30389.8,23632.6,0.827038,-0.112641,-1.16537,-1.97384,-1.96191,0.734341,1817.84,-19.0712,30399.4,0.043976,1.0187,-0.00115699,41337.1 
