cyc,freq (MHz),wiggle time pre,pulse time,wiggle time post,VVA,cyc,ROIsum,fBg,fA1,fWidth1,fCtr1,fA2,fWidth2,fCtr2,box1,box2,box3,box4,box5,box6,box7,box8,box9,Nfit,BZ-2,BZ-1,BZ0,BZ1,BZ2,Excited,c5,c7,c9,fraction95,fraction75,fraction97,sum95
50,44.923,0.4,0.01,0.58,3,50,34917.5,-0.00982376,50.0181,15.7698,80.7648,-0.00844827,-17.7955,2.9921e-11,0.991856,2.3319,1.769,-0.207985,-0.0843209,-38.5817,112.755,-68.6584,36404.8,25682.1,1.2348,2.57484,2.25487,0.0349536,0.158618,0.639686,166.87,-64.6499,36458.9,0.00590893,3.10557,-0.00327717,28240.2 
51,44.783,0.4,0.01,0.58,3,51,33064.3,-0.3067,50.8676,14.8029,80.9982,-0.197417,368.913,62.7832,-2.04237,1.58004,1.83754,-1.93013,2.58402,-46.6673,5925.29,29.8657,28513.1,26883,-1.74852,1.8739,2.42524,-1.63628,2.87788,0.360468,5990.75,34.7142,28578.6,0.213984,0.989961,0.0022326,27996.2 
52,44.863,0.4,0.01,0.58,3,52,31576.1,-0.285962,49.5408,14.4993,81.2189,-0.134341,116.887,178.939,-0.00570914,0.168056,6.02514,0.798667,-1.02262,-40.7201,8101.03,51.7295,24820.5,23894.5,0.250694,0.42446,6.53795,1.05507,-0.766217,0.128501,8158.14,55.9601,24877.6,0.298681,0.988138,0.00412656,27313.9 
53,44.813,0.4,0.01,0.58,3,53,31066.7,-0.00710242,50.7269,13.7825,81.3958,-0.102414,79.7398,500,-1.17023,-0.27908,1.79315,1.56068,1.9178,-62.9176,13884.5,114.312,18482.4,23025.3,-0.77406,0.117095,2.58551,1.95685,2.31397,0.582941,13972.8,120.849,18570.6,0.494224,0.98509,0.0118456,28272.2 
54,44.883,0.4,0.01,0.58,3,54,35653.8,-0.110227,53.4152,15.1046,80.9582,-0.185086,265.917,1.06376e-07,2.21713,0.879039,3.56439,4.26843,0.402231,-25.4939,4614.12,17.266,32394.5,27866.6,2.37766,1.03957,3.88545,4.42896,0.562759,0.683966,4649.88,19.9147,32430.3,0.156978,0.992561,0.00112992,29621.2 
55,44.793,0.4,0.01,0.58,3,55,32996.1,-0.174791,52.0375,14.325,81.1443,-0.212692,424.103,4.47449e-09,0.0117194,-1.14497,3.64476,1.97073,3.6558,-40.7085,9100.05,56.4338,25030.7,27202.8,0.26805,-0.888641,4.15742,2.22706,3.91213,0.570337,9157.15,60.6632,25087.8,0.321588,0.98854,0.00443452,28474.8 
56,44.763,0.4,0.01,0.58,3,56,33486.6,-0.3225,49.5037,15.4322,80.9565,0.0829975,172.97,326.985,-1.5057,0.920853,-0.987428,-1.01904,2.23173,-23.872,2142.73,-65.1581,32583.2,25336.5,-1.35539,1.07117,-0.686797,-0.868722,2.38205,2.26643,2176.22,-62.6779,32616.7,0.0797411,1.05308,-0.00355246,27291 
57,44.903,0.4,0.01,0.58,3,57,34173.4,-0.339172,50.8999,15.3391,80.9104,0.360374,-96.8237,60.007,0.310298,0.459269,1.7966,4.77483,1.70161,-30.3389,1222.11,-83.8851,34283.9,26552.2,0.501334,0.650305,2.17867,4.96586,1.89265,0.78617,1264.66,-80.733,34326.4,0.0456623,1.12577,-0.00435134,27696 
58,44.663,0.4,0.01,0.58,3,58,35510.6,-0.128973,50.7112,15.8789,80.6307,0.0698528,20.5926,9.89188e-05,1.10751,-0.432344,0.138971,2.3861,4.44177,-74.609,653.598,-83.9413,36269.2,26260.1,1.5773,0.0374488,1.07856,2.85589,4.91156,0.896895,758.245,-76.1897,36373.9,0.026359,1.21336,-0.00387347,28766.1 
59,44.833,0.4,0.01,0.58,3,59,27409.9,0.162649,46.9266,13.0678,81.3699,-0.162151,38.5328,2.18186e-13,-1.6083,-1.60207,1.59733,0.672588,3.03722,-95.8526,12491.7,83.6116,16083.1,20166,-1.00474,-0.998512,2.80445,1.27615,3.64078,0.50955,12626.2,93.5703,16217.6,0.502761,0.987197,0.0105166,25113.7 
60,44.723,0.4,0.01,0.58,3,60,34978.4,-0.341064,51.4909,15.5068,80.7514,-0.388472,543.331,15.6783,-0.788471,1.51257,-0.339917,2.17769,0.659533,-19.4352,326.596,-36.1701,35988.6,32863.6,-0.666093,1.63495,-0.0951612,2.30007,0.781911,1.02406,353.856,-34.1508,36015.9,0.012599,1.20322,-0.00174977,28086.1 
61,44.703,0.4,0.01,0.58,3,61,33342.6,-0.348573,50.8992,15.0057,80.833,-0.284272,-1095.32,466.069,-2.17826,1.34015,-0.791668,-0.722039,2.03573,-76.1357,865.894,-68.0508,33753.4,34999.7,-1.69886,1.81956,0.167145,-0.242633,2.51513,0.934718,972.682,-60.1406,33860.2,0.0359653,1.12133,-0.00328259,27045 
62,44.823,0.4,0.01,0.58,3,62,31134.6,0.0278393,50.5703,13.8144,81.3476,0.0728099,-134.905,4.68157e-12,0.656967,-1.14867,0.336385,1.55413,1.61665,-95.6713,14576.4,98.4441,17778.5,23061.4,1.25938,-0.546253,1.54122,2.15655,2.21906,0.767537,14710.6,108.384,17912.7,0.5161,0.987271,0.0110232,28503.3 
63,44.853,0.4,0.01,0.58,3,63,29478.3,-0.267521,48.5561,13.8119,81.1628,-0.254912,23.6004,370.732,1.42638,0.675182,3.14141,1.22186,2.5673,-119.635,10925.6,91.1392,19839.8,22027.8,2.17969,1.42849,4.64803,1.97517,3.32061,0.657022,11093.4,103.569,20007.6,0.41863,0.983924,0.00944555,26499.2 
64,44.683,0.4,0.01,0.58,3,64,35234,-0.0286208,51.4749,15.4266,80.6951,-0.0357037,-7.83501,4.91908e-12,2.35892,2.65294,4.67022,4.61525,-1.07284,-66.7634,964.549,-96.5401,35642.8,25859.2,2.77931,3.07333,5.511,5.03564,-0.652452,0.650025,1058.19,-89.6037,35736.5,0.0370317,1.17396,-0.00464023,28575.3 
65,44.843,0.4,0.01,0.58,3,65,30317.3,-0.284555,50.4776,13.6854,81.4159,0.544522,-864.981,177.568,-1.18008,-2.18556,2.58968,-0.94501,0.47089,-112.634,13312.4,94.0754,18306.3,37820.7,-0.470853,-1.47634,4.00813,-0.235785,1.18011,-0.3337,13470.4,105.778,18464.3,0.486508,0.986444,0.0104428,27687.9 
66,45.003,0.4,0.01,0.58,3,66,31683.4,-0.0617124,47.6971,15.039,80.7871,-0.067594,141.667,500,0.271828,-0.870883,6.21899,2.27343,0.609412,-102.906,266.483,-89.6636,33031.3,23662.8,0.919802,-0.222909,7.51494,2.9214,1.25738,0.393498,410.819,-78.9721,33175.7,0.0158275,1.50694,-0.0044043,25956.1 
67,44.743,0.4,0.01,0.58,3,67,33219.7,-0.327772,49.5133,15.3479,80.6528,0.790071,-92.0947,500,2.04273,0.215818,9.67106,1.78636,-0.649528,-74.1293,321.372,-86.1184,34313.1,27106.7,2.5095,0.682591,10.6046,2.25313,-0.182755,0.33166,425.345,-78.4167,34417,0.0157966,1.4763,-0.00421479,26926.5 
68,44.803,0.4,0.01,0.58,3,68,33868.2,-0.0148253,54.3488,13.9345,81.0944,-0.0188653,-32.283,500,0.994573,-1.15388,1.06978,-1.40371,1.071,-74.6863,12506.7,62.6902,22450,24673.2,1.46485,-0.683595,2.01034,-0.933428,1.54128,0.408628,12611.5,70.4498,22554.8,0.420682,0.990319,0.0057209,29978.6 
69,44.983,0.4,0.01,0.58,3,69,33040.5,-0.016377,50.165,14.8976,80.8065,-0.147159,166.488,469.91,0.0225412,-0.961138,3.17808,2.22296,0.477779,-48.4993,857.25,-45.6487,33543.8,25125.9,0.327929,-0.655751,3.78885,2.52835,0.783166,0.440557,925.275,-40.6098,33611.8,0.034517,1.0832,-0.0022306,26806.3 
70,44.623,0.4,0.01,0.58,3,70,35327.1,-0.328143,49.157,16.3673,80.8077,0.0301787,71.1786,82.8741,2.11502,0.0884879,3.08575,-1.1321,-0.840398,-70.8235,444.307,-112.477,36252.5,26261.3,2.56098,0.534445,3.97766,-0.686141,-0.394441,0.336227,543.643,-105.119,36351.9,0.0190521,1.51144,-0.00535534,28534.6 
71,44.773,0.4,0.01,0.58,3,71,34605.9,-0.318249,51.4785,15.3031,80.9459,0.264781,36.9208,482.578,-1.6991,0.870127,3.39633,-0.135582,1.35486,-90.4551,4143.29,3.06526,31770.5,25963.2,-1.12953,1.4397,4.53547,0.43399,1.92443,0.370428,4270.16,12.4632,31897.4,0.148109,0.994918,0.000719244,28831.1 
72,44.643,0.4,0.01,0.58,3,72,32472.8,-0.325489,48.973,15.1567,80.9214,0.176528,-27.3034,254.537,-0.552559,0.672187,4.9197,0.293838,1.68924,-62.3408,241.575,-97.7959,33770.4,24320.2,-0.160015,1.06473,5.70478,0.686382,2.08179,0.391663,329.014,-91.319,33857.8,0.0124629,1.94446,-0.00499321,26399.5 
73,44.963,0.4,0.01,0.58,3,73,32708.1,0.030234,49.1479,14.9975,80.6637,-0.0643631,32.1144,1.88584e-11,-1.59951,1.31467,1.67044,0.903507,0.424904,-79.3049,801.453,-75.7492,33510.9,24062.2,-1.10015,1.81403,2.66916,1.40287,0.924266,0.532561,912.686,-67.5097,33622.1,0.0340533,1.14869,-0.00371249,26801.7 
74,44.943,0.4,0.01,0.58,3,74,36106,-0.00692247,50.3145,16.142,80.797,-0.0123294,-18.1953,500,0.402153,2.23315,6.17795,1.51915,3.6047,-30.8979,640.463,-105.996,36715.1,26446.3,0.596709,2.42771,6.56707,1.71371,3.79926,0.565223,683.8,-102.786,36758.4,0.0235893,1.35695,-0.00517767,28987.8 
