cyc,freq (MHz),wiggle time pre,pulse time,wiggle time post,VVA,cyc,ROIsum,fBg,fA1,fWidth1,fCtr1,fA2,fWidth2,fCtr2,box1,box2,box3,box4,box5,box6,box7,box8,box9,Nfit,BZ-2,BZ-1,BZ0,BZ1,BZ2,Excited,c5,c7,c9,fraction95,fraction75,fraction97,sum95
50,44.923,0.57,0.01,0.41,3,50,37433.9,-0.033944,51.6226,15.9846,80.519,-0.0179366,-23.0292,500,0.331151,1.34764,0.727424,1.4457,-0.0346868,-7.70301,336.797,62.0724,37610.1,26875.4,0.379654,1.39615,0.824432,1.49421,0.0138171,0.799323,347.602,62.8727,37620.9,0.0118572,0.759571,0.00306911,29315.7 
51,44.783,0.57,0.01,0.41,3,51,34088.6,0.0339324,50.0816,14.862,80.506,-0.010898,-22.8105,3.78863e-12,1.90429,0.138598,0.877989,2.98995,0.857467,-7.79608,6721.8,114.254,27820.5,24238,1.95338,0.187688,0.976169,3.03904,0.906557,0.861788,6732.73,115.064,27831.4,0.239064,0.970961,0.00755831,28162.9 
52,44.863,0.57,0.01,0.41,3,52,33459.1,-0.0935394,49.3588,14.9394,80.6989,-0.0453974,-10.7124,105.815,-0.862522,1.86394,1.18582,4.45997,2.37734,-8.29207,8010,137.919,25894.4,24020.3,-0.810309,1.91615,1.29024,4.51219,2.42955,0.861826,8021.63,138.781,25906.1,0.286801,0.970613,0.00977185,27969.3 
53,44.813,0.57,0.01,0.41,3,53,32820,-0.0855445,49.4637,14.6087,80.8177,-0.0742781,-135.34,4.39272,-0.0927508,0.0559655,-3.5983,1.84805,-0.179362,-71.3634,13825.3,133.04,19439.8,23850.3,0.356606,0.505322,-2.69958,2.29741,0.269994,4.69935,13925.4,140.455,19539.8,0.480666,0.982655,0.0130682,28971.1 
54,44.883,0.57,0.01,0.41,3,54,33704.1,-0.0921519,49.1991,15.0918,80.7337,-0.162661,219.336,138.719,-0.304335,-2.1727,1.93612,0.884092,3.8671,31.5102,3157.24,100.173,31020.2,25332.4,-0.502746,-2.37111,1.53929,0.685681,3.66869,0.490267,3113.04,96.8996,30976,0.115449,0.948342,0.00572949,26964.6 
55,44.793,0.57,0.01,0.41,3,55,33532.2,-0.0120801,49.8975,14.8259,80.6673,-0.101628,45.3524,499.602,-0.215378,1.23617,-1.79063,0.370217,-0.33367,-99.4534,8749.73,91.5875,25362.9,24232.2,0.410853,1.8624,-0.538166,0.996449,0.292561,1.17796,8889.22,101.92,25502.4,0.311617,0.98033,0.00730816,28526.1 
56,44.763,0.57,0.01,0.41,3,56,36274.1,-0.104142,49.2854,16.2266,80.6361,0.024436,75.047,462.097,-1.93185,-4.28001,-1.78304,-0.696057,-1.36881,40.8202,2911.79,-38.9073,33805.5,26093.8,-2.18889,-4.53705,-2.29711,-0.953091,-1.62584,0.802007,2854.53,-43.1483,33748.2,0.098976,1.02717,-0.00236076,28840.6 
57,44.903,0.57,0.01,0.41,3,57,36795.8,-0.153642,51.5729,15.8355,80.5945,-0.0951924,-63.5894,484.248,-0.20158,-0.634656,-0.899547,3.2914,1.0725,30.7661,960.589,91.3587,36272.8,26782.8,-0.395305,-0.828382,-1.287,3.09768,0.878777,1.87804,917.437,88.1623,36229.7,0.0318396,0.856041,0.00446262,28814.3 
58,44.663,0.57,0.01,0.41,3,58,38173.2,-0.175776,52.9066,16.0496,80.5454,-0.217944,145.958,500,-2.43027,0.496899,0.518902,1.1341,1.6959,3.01619,782.753,-3.89086,38022.6,28677.5,-2.44926,0.477907,0.480918,1.11511,1.67691,0.630512,778.522,-4.20424,38018.4,0.0259052,1.00954,-0.000203749,30052.7 
59,44.833,0.57,0.01,0.41,3,59,26279.2,-0.0316044,42.4638,13.6353,80.7767,-0.0230975,-98.8904,500,0.683916,2.54632,-1.60461,-0.898513,-0.746265,-102.182,11670.9,151.571,15106.8,18922.9,1.32733,3.18973,-0.317787,-0.255103,-0.102855,1.08273,11814.2,162.187,15250.2,0.501519,0.976539,0.0192146,23556.8 
60,44.723,0.57,0.01,0.41,3,60,37411.7,-0.0854759,48.8679,16.9722,80.4145,0.141195,-170.449,500,-2.97578,-3.63819,4.67851,3.86071,3.14472,32.18,448.794,62.0934,37446.3,27783,-3.17841,-3.84081,4.27326,3.65808,2.94209,-0.108727,403.659,58.7501,37401.2,0.0138227,0.797002,0.00288524,29202.6 
61,44.703,0.57,0.01,0.41,3,61,38603.6,-0.178753,50.6874,16.9431,80.5018,-0.133639,196.718,182.229,-0.300351,1.4519,3.58479,5.4154,2.23698,75.4039,1026.57,8.98914,37976.3,28812.6,-0.77515,0.977104,2.63519,4.9406,1.76218,0.723773,920.806,1.15496,37870.6,0.0306107,0.99781,5.61767e-05,30081.1 
62,44.823,0.57,0.01,0.41,3,62,31770.8,-0.00909203,49.2508,14.1755,80.946,-0.0372957,-0.391395,500,1.79559,0.60426,1.49287,4.41693,-0.891119,-26.6274,14608.6,164.98,17513.2,22727.8,1.96325,0.771926,1.82821,4.5846,-0.723453,0.78299,14645.9,167.747,17550.5,0.5201,0.98035,0.0173021,28159.8 
63,44.853,0.57,0.01,0.41,3,63,31323.8,-0.0939975,47.6685,14.4972,80.8137,-0.035137,61.6719,447.236,-2.38986,0.468085,6.12157,5.31307,4.52179,-55.9674,10731.8,131.451,21048.2,22566.8,-2.03745,0.820497,6.8264,5.66548,4.8742,0.57729,10810.3,137.266,21126.7,0.39923,0.978262,0.0118271,27077.8 
64,44.683,0.57,0.01,0.41,3,64,38360.3,-0.0287995,51.8282,16.3574,80.5992,-0.0116599,-20.1533,58.6682,1.88127,-3.0549,1.86521,1.27416,0.0566368,-27.6224,1169.56,59.5229,37642.5,27605.5,2.05521,-2.88097,2.21307,1.44809,0.230568,0.278181,1208.3,62.3928,37681.2,0.0399797,0.917125,0.00304089,30222.9 
65,44.843,0.57,0.01,0.41,3,65,34995.1,0.0570584,53.9304,14.2379,80.7292,-0.0199203,-6.73834,0.00291394,0.504779,0.553686,4.83159,1.80473,-1.44266,-84.976,14976.6,227.053,20362.1,25000.6,1.03985,1.08876,5.90173,2.3398,-0.907591,0.376306,15095.7,235.881,20481.3,0.489069,0.973383,0.0207747,30866.3 
66,45.003,0.57,0.01,0.41,3,66,37452.9,-0.0291138,51.3068,16.1462,80.4718,-0.0467276,-2.25174,499.994,-1.3858,-1.27088,3.94212,2.15589,0.618096,-27.2994,746.573,16.7163,37152.6,26970.9,-1.2139,-1.09899,4.28592,2.32779,0.789993,0.158107,784.863,19.5526,37190.9,0.0266762,0.958225,0.000967522,29421.9 
67,44.743,0.57,0.01,0.41,3,67,37860.8,-0.0821991,51.6885,16.2349,80.4713,-0.00765192,95.3923,4.87481e-11,1.74499,0.103311,4.08271,3.53943,3.72307,58.0749,540.851,45.9435,37867.6,27341.2,1.3793,-0.262371,3.35134,3.17374,3.35738,0.695316,459.396,39.9098,37786.2,0.0155439,0.868033,0.00194185,29554.7 
68,44.803,0.57,0.01,0.41,3,68,31728,0.00890721,50.097,13.8718,80.6814,-0.0077608,-10.494,4.63113e-10,-1.07333,-0.90595,4.69701,0.228302,0.717379,-63.8044,11029.8,157.422,21103.6,22625.1,-0.671569,-0.504191,5.50053,0.630062,1.11914,0.0944095,11119.3,164.051,21193.1,0.405252,0.974831,0.0140588,27438 
69,44.983,0.57,0.01,0.41,3,69,37065.3,-0.0154591,52.2401,15.6875,80.5152,0.0236469,-10.5947,0.00204844,-1.0043,-1.51693,4.32373,4.07086,-2.27704,-41.2874,848.537,26.8866,36798.9,26686.2,-0.744324,-1.25695,4.84368,4.33084,-2.01707,0.060605,906.447,31.1762,36856.8,0.0309514,0.943228,0.00155577,29286.2 
70,44.623,0.57,0.01,0.41,3,70,37928.7,-0.0490968,50.737,16.5392,80.2294,-0.0167091,-22.61,500,0.645448,0.716914,1.59819,3.61146,2.65859,-2.32836,352.081,133.109,37924.8,27329.5,0.660109,0.731575,1.62752,3.62612,2.67325,0.825347,355.347,133.351,37928.1,0.0120212,0.603601,0.00643497,29560 
71,44.773,0.57,0.01,0.41,3,71,36081.8,-0.11738,50.6227,15.7451,80.5716,-0.0417431,3.79901,460.99,1.3763,0.795299,-1.6646,0.300826,1.75674,-19.0123,4214.43,149.782,32312.8,25952.1,1.49602,0.915014,-1.42517,0.420541,1.87646,1.43412,4241.09,151.758,32339.5,0.145529,0.941071,0.00857025,29142.5 
72,44.643,0.57,0.01,0.41,3,72,36546.7,-0.161169,50.118,16.2043,80.4176,-0.00501332,24.3388,59.215,-0.465826,-0.202027,4.13123,3.01258,1.58231,-22.1792,362.017,-37.2844,36751.9,26441.4,-0.32617,-0.0623704,4.41055,3.15224,1.72197,0.504222,393.126,-34.9801,36783,0.0136901,1.18443,-0.00175489,28716 
73,44.963,0.57,0.01,0.41,3,73,36392.3,-0.15901,51.5845,15.6738,80.4865,0.00352728,-205.449,236.237,-0.942551,-0.229907,0.659373,0.683386,2.9516,-84.8776,984.178,30.1205,35919.3,26343.8,-0.4081,0.304545,1.72828,1.21784,3.48605,0.726911,1103.23,38.939,36038.3,0.0382365,0.941826,0.00198642,28852.7 
