cyc,freq,Charge Time,Wiggle Time,Pulse Time,VVA,cyc,ROIsum,fBg,fA1,fWidth1,fCtr1,fA2,fWidth2,fCtr2,box1,box2,box3,box4,box5,box6,box7,box8,box9,Nfit,BZ-2,BZ-1,BZ0,BZ1,BZ2,Excited,c5,c7,c9,fraction95,fraction75,fraction97,sum95
120,44.839,0.72,0.09,0.17,1.35,120,34132.7,-0.0673326,56.5188,13.7945,78.8584,-0.0778611,60.975,500,0.837252,3.79401,3.76452,1.14487,-1.84272,33.3032,696.426,-96.8293,34834.2,25534.8,0.627551,3.58431,3.34512,0.935174,-2.05242,0.48055,649.715,-100.289,34787.5,0.0155811,1.3701,-0.00533898,41699 
121,44.8,0.64,0.17,0.17,1.35,121,34106.4,-0.0624465,55.276,14.0037,78.856,0.00047209,-45.5432,500,-0.555896,3.19059,4.33288,1.6013,3.92138,25.3495,259.638,-118.234,35147.8,25199.1,-0.715515,3.03097,4.01364,1.44168,3.76176,0.651973,224.082,-120.868,35112.3,0.00537928,17.8357,-0.00638159,41656.6 
122,44.818,0.44,0.37,0.17,1.35,122,35413.3,0.0331943,60.0582,13.3138,79.0844,0.00961537,-45.0943,0.000972279,-1.19878,0.681129,7.27287,-0.227767,1.08037,17.7735,8222,66.9734,28573.4,26043.8,-1.31069,0.569214,7.04904,-0.339682,0.968456,-0.0162484,8197.07,65.1268,28548.5,0.195708,0.986287,0.00418476,41884.3 
123,44.824,0.68,0.13,0.17,1.35,123,33276.7,-0.0865646,56.5682,13.4625,78.7339,0.00172026,-82.7538,2.03017e-05,1.50536,0.0263304,1.4237,3.70255,3.07528,-2.86845,1126.54,-85.4577,33759.9,24795.6,1.52342,0.0443922,1.45982,3.72061,3.09334,0.851668,1130.57,-85.1597,33763.9,0.0275936,1.15183,-0.00466786,40972 
124,44.809,0.72,0.09,0.17,1.35,124,34835.1,-0.0939534,57.2249,13.874,78.7884,-0.0911183,347.84,499.944,-1.27748,1.72844,3.66648,2.02099,4.39114,87.7101,1487.92,-75.9576,34693.6,26877.1,-1.82976,1.17615,2.56191,1.4687,3.83886,0.644961,1364.9,-85.0703,34570.6,0.0323756,1.12243,-0.00455364,42158.2 
125,44.83,0.64,0.17,0.17,1.35,125,34906.3,-0.402045,60.0208,13.3922,78.8352,1.29398,-4945.61,388.612,3.01892,5.81938,4.88842,2.59702,2.67767,-5.85088,6761.07,48.6834,29603.3,234492,3.05576,5.85622,4.9621,2.63386,2.71451,0.741859,6769.27,49.2913,29611.5,0.162291,0.987418,0.00305699,41710.8 
126,44.839,0.56,0.25,0.17,1.35,126,35553.1,-0.0300345,57.4392,14.0538,78.7374,-0.0325302,7.83736,500,0.641336,1.87278,5.60158,0.304514,3.77402,8.19013,1818.9,-93.593,34924.7,26286.7,0.589764,1.82121,5.49843,0.252943,3.72245,0.537356,1807.41,-94.444,34913.2,0.042028,1.10065,-0.00500804,43005 
127,44.803,0.48,0.33,0.17,1.35,127,35636,-0.0198113,58.3442,13.9041,78.6896,-0.0289362,25.2514,3.95969e-06,3.38391,3.72747,4.6693,3.99678,4.96131,-28.5001,1093.14,-117.811,36051.3,26431.9,3.56337,3.90693,5.02821,4.17623,5.14076,0.769512,1133.11,-114.85,36091.2,0.0259171,1.21562,-0.00589652,43720.8 
128,44.833,0.68,0.13,0.17,1.35,128,35726.9,-0.397448,58.1802,14.1133,78.8714,-0.0649693,-250.065,298.244,-2.14815,2.25213,3.29509,2.87908,2.66131,53.463,2782.88,-53.1592,34420.2,27258.8,-2.48479,1.91548,2.6218,2.54243,2.32467,0.621104,2707.89,-58.7138,34345.2,0.0626316,1.03944,-0.00315906,43235.3 
129,44.815,0.64,0.17,0.17,1.35,129,36531.3,-0.42728,61.8924,13.6038,78.7761,-0.0240323,153.444,490.052,-0.204165,3.29645,-0.648884,-0.184485,1.15849,-8.649,4612.94,-6.13277,33355.8,27529,-0.149705,3.35091,-0.539963,-0.130025,1.21295,1.14421,4625.07,-5.23418,33368,0.105117,1.00198,-0.00028904,43999.3 
130,44.8,0.52,0.29,0.17,1.35,130,34796.9,-0.424666,57.518,13.9782,78.7637,-0.463104,861.615,448.135,-0.331028,0.793122,1.87017,1.2223,2.80301,23.9851,337.466,-141.757,35850.9,39162.1,-0.482056,0.642094,1.56811,1.07127,2.65198,0.712347,303.824,-144.249,35817.3,0.00713735,5.91239,-0.00747429,42568.2 
131,44.836,0.64,0.17,0.17,1.35,131,35002.8,-0.0339134,57.6588,13.8205,78.7817,-0.108939,247.975,500,0.907373,2.31241,6.03972,-1.00903,2.26899,92.904,1788.04,-102.289,34711.5,26820.2,0.322381,1.72742,4.86974,-1.59403,1.684,0.305267,1657.73,-111.942,34581.2,0.039039,1.13401,-0.00599879,42463.5 
132,44.836,0.44,0.37,0.17,1.35,132,34994.9,-0.421978,57.5879,14.0307,78.7224,-0.336812,638.908,12.8131,-0.267943,-0.502349,4.48386,0.561504,3.98272,-19.9688,1582.23,-99.4152,34724,33308.2,-0.142205,-0.376611,4.73533,0.687242,4.10845,0.474565,1610.24,-97.3406,34752,0.0377834,1.1183,-0.0051865,42617.6 
133,44.803,0.68,0.13,0.17,1.35,133,35922.5,-0.428733,58.1668,14.2506,78.816,0.586767,-854.113,445.581,-1.11957,-0.219197,6.46005,-1.46093,5.8574,39.0574,298.315,-145.763,37024.9,43298.3,-1.3655,-0.465131,5.96818,-1.70686,5.61147,0.257888,243.533,-149.821,36970.2,0.00555146,-13.0559,-0.00752124,43868.3 
134,44.809,0.56,0.25,0.17,1.35,134,35790.7,-0.433878,58.6562,14.0928,78.8843,-0.160029,200.08,455.464,-0.69374,3.71016,4.27484,-0.13603,1.36324,27.5806,666.784,-103.056,36541.8,27951.9,-0.867407,3.53649,3.9275,-0.309697,1.18957,0.474684,628.1,-105.921,36503.1,0.0143724,1.41867,-0.00537395,43701.8 
135,44.821,0.72,0.09,0.17,1.35,135,37234.3,-0.393854,63.421,13.4569,79.0783,-0.660048,448.375,419.882,-1.30542,3.88448,3.22111,0.390743,4.82315,38.9447,10094.3,50.5096,28526,37416.7,-1.55065,3.63925,2.73066,0.145518,4.57793,0.713848,10039.7,46.4634,28471.4,0.230078,0.991966,0.00299719,43635.9 
136,44.803,0.56,0.25,0.17,1.35,136,34217.4,-0.449652,57.2756,13.8671,78.7372,-0.507603,1433.38,499.869,3.45864,0.439006,7.04332,1.24788,2.21855,13.4544,470.581,-106.898,35365.8,49540.8,3.37392,0.354287,6.87388,1.16316,2.13383,0.505443,451.709,-108.296,35347,0.0107139,1.72282,-0.00567586,42161.1 
137,44.839,0.48,0.33,0.17,1.35,137,34758.4,-0.0691194,57.3275,13.8261,78.747,-0.141695,351.122,0.00363566,-1.78371,2.24127,3.89364,3.06442,3.82438,20.5157,431.008,-79.5324,35749.2,27421.8,-1.9129,2.11209,3.63527,2.93523,3.69519,0.652622,402.232,-81.6639,35720.5,0.00945264,1.5511,-0.00422922,42552.4 
138,44.827,0.48,0.33,0.17,1.35,138,32148.1,-0.0275185,57.0211,12.8316,78.9608,0.0746174,14.0923,500,-0.659101,2.98621,0.410319,2.92784,0.887382,33.2076,6621.55,24.2961,27061.1,23852.6,-0.868201,2.77711,-0.00788053,2.71874,0.678282,1.00149,6574.98,20.846,27014.5,0.170991,0.994482,0.00141946,38452.1 
139,44.83,0.6,0.21,0.17,1.35,139,36010.1,0.0759895,60.4759,13.4294,78.9863,-0.0383903,4.69235,2.19241e-12,1.33499,1.60394,5.84811,3.43649,4.818,61.376,8725.28,44.6601,28623.3,26444.2,0.948522,1.21747,5.07517,3.05002,4.43153,0.655283,8639.19,38.2833,28537.3,0.204173,0.992305,0.00246513,42313.2 
140,44.818,0.52,0.29,0.17,1.35,140,34153.1,-0.391214,59.8734,13.1314,78.8967,-0.292151,599.238,24.4937,-0.682265,0.504012,2.33164,3.42637,3.25857,35.3493,8358.58,35.5325,27216.5,31293.2,-0.90485,0.281427,1.88647,3.20379,3.03598,0.748566,8308.99,31.8598,27166.9,0.205842,0.993335,0.00215566,40365.9 
141,44.815,0.48,0.33,0.17,1.35,141,34326.5,-0.150751,58.8554,13.3551,78.8673,-0.0926783,9.62443,500,-0.975962,0.0443724,5.56338,2.55861,2.53112,23.0616,3383.29,-34.0783,32441.3,25616.5,-1.12118,-0.100841,5.27295,2.4134,2.38591,0.404203,3350.94,-36.4743,32408.9,0.0805641,1.01942,-0.00207749,41593.4 
142,44.818,0.6,0.21,0.17,1.35,142,37788.8,-0.406908,64.6213,13.4162,78.6921,0.308874,18.5053,319.86,-0.584654,0.792122,4.65598,1.22444,2.39975,14.2847,8964.09,54.4531,30127,28408.9,-0.674601,0.702175,4.47609,1.13449,2.3098,0.436825,8944.05,52.969,30107,0.201124,0.989742,0.00323045,44470.3 
143,44.824,0.56,0.25,0.17,1.35,143,33005.7,0.021084,56.8783,13.2219,78.8043,-0.0324985,22.436,3.85938e-12,-0.199812,-1.15772,0.148983,2.5516,3.77951,68.3996,1484.44,-54.5457,33021.2,24505.1,-0.630507,-1.58841,-0.712405,2.12091,3.34881,1.28065,1388.5,-61.6521,32925.3,0.0345051,1.08425,-0.00346125,40240.4 
144,44.833,0.6,0.21,0.17,1.35,144,32510.5,-0.0559112,56.6392,12.9889,78.7387,0.0827682,-54.7166,5.4277e-06,1.31585,-0.654694,4.24684,0.695418,2.50728,48.5344,4976.82,-15.6987,29056.2,24096.3,1.01024,-0.960302,3.63563,0.38981,2.20167,0.420806,4908.74,-20.7412,28988.2,0.125496,1.00745,-0.00131978,39114.8 
145,44.821,0.44,0.37,0.17,1.35,145,34241.7,-0.273411,57.8596,13.6573,78.8067,-1.74038,5921.13,4.23832e-05,0.725962,1.63044,5.05032,2.27609,-0.635657,29.9949,485.94,-102.85,35416.2,361186,0.537092,1.44157,4.67258,2.08722,-0.824527,0.409576,443.869,-105.966,35374.2,0.0105219,1.71757,-0.00554878,42185.4 
146,44.8,0.72,0.09,0.17,1.35,146,33545.4,-0.326816,57.3051,13.486,79.0035,1.06227,-2961.04,500,-0.585049,2.08934,4.43057,2.27817,3.133,-14.1324,110.512,-114.436,35029.7,127551,-0.496061,2.17833,4.60855,2.36716,3.22199,0.612074,130.334,-112.968,35049.5,0.00314144,-1.9349,-0.00597275,41488.8 
147,44.824,0.44,0.37,0.17,1.35,147,35947.2,-0.391139,60.1541,13.7178,78.7961,-0.528679,353.324,55.2952,-3.85312,0.291101,4.71301,5.18826,4.61626,25.8251,3175.04,-55.8127,34195.9,32943.2,-4.01573,0.128487,4.38779,5.02565,4.45365,0.560335,3138.81,-58.4958,34159.7,0.0722443,1.03371,-0.00316444,43447.2 
148,44.83,0.48,0.33,0.17,1.35,148,34275.1,-0.203542,59.9904,13.0753,78.8018,-0.0231457,30.3864,500,-0.116007,5.41287,6.7517,1.46854,3.74817,21.7305,7718.65,53.0595,28205,25557.5,-0.252838,5.27604,6.47804,1.33171,3.61134,0.606062,7688.17,50.8018,28174.5,0.187818,0.988569,0.00331053,40934.1 
149,44.842,0.68,0.13,0.17,1.35,149,32640.9,-0.443203,56.3317,13.4785,78.8559,-0.238286,814.233,20.1003,-2.605,0.64371,-0.197624,-0.0527265,4.9729,62.6712,380.937,-129.88,33994,31032.7,-2.99962,0.249086,-0.986872,-0.44735,4.57828,3.50782,293.035,-136.391,33906.1,0.00727094,5.39155,-0.00746539,40302.2 
150,44.8,0.68,0.13,0.17,1.35,150,34646.5,-0.420829,57.5755,13.9,78.9488,-0.521188,1103.14,467.369,1.27513,-0.717082,4.18069,-0.397692,3.4748,80.3533,156.329,-115.913,36034.6,44768.6,0.769169,-1.22305,3.16876,-0.903655,2.96883,0.337088,43.6255,-124.262,35921.9,0.00102814,-0.250963,-0.00641311,42431.5 
151,44.83,0.44,0.37,0.17,1.35,151,36630.9,-0.362688,63.2303,13.2343,79.0037,-0.00139238,-20.1595,295.289,-2.50765,4.12208,2.64897,1.12633,1.06685,33.9424,8945.1,55.5801,29107.2,27241.8,-2.72138,3.90835,2.22152,0.912605,0.853128,0.570657,8897.49,52.0536,29059.6,0.206018,0.989866,0.00328885,43187.8 
152,44.812,0.68,0.13,0.17,1.35,152,34098.3,-0.413336,56.8475,13.8535,78.8479,-0.250407,537.115,241.962,-0.483251,1.46282,7.09371,0.539105,1.33266,42.11,3549.78,-12.4908,32061.4,30015.3,-0.748406,1.19766,6.5634,0.27395,1.06751,0.214351,3490.71,-16.8659,32002.4,0.0846162,1.00853,-0.00097177,41253.5 
153,44.83,0.68,0.13,0.17,1.35,153,34358.9,-0.438238,59.4776,13.3162,78.918,0.3911,3673.19,392.938,-1.27766,-1.92235,2.98284,-2.11005,1.91666,48.6369,6670.87,54.9727,29300.7,72548.3,-1.58391,-2.2286,2.37034,-2.4163,1.61041,2.05439,6602.65,49.9195,29232.5,0.16066,0.986942,0.00313585,41096.9 
154,44.836,0.52,0.29,0.17,1.35,154,33656,0.0286665,57.5805,13.3036,78.8906,-0.0264077,14.4753,5.48451e-11,-4.40348,4.48461,3.09416,1.29809,1.8036,43.2487,3235.04,-23.3405,31973.5,24949.3,-4.6758,4.21228,2.54951,1.02577,1.53127,0.450895,3174.38,-27.8339,31912.8,0.0777433,1.01558,-0.00160924,40831.5 
155,44.812,0.48,0.33,0.17,1.35,155,34458.4,-0.0690934,57.4671,13.6817,78.8567,-0.101575,126.111,499.917,0.321588,-0.751516,3.60351,1.73503,6.99285,12.8785,1467.83,-53.845,34551.7,26012,0.240495,-0.832609,3.44132,1.65393,6.91175,0.698524,1449.77,-55.183,34533.6,0.0343552,1.07136,-0.00295228,42199.4 
156,44.8,0.44,0.37,0.17,1.35,156,33151.3,0.00080786,55.7665,13.4869,78.7212,-0.0412866,29.8492,139.057,1.74431,1.1191,2.06205,4.03579,3.03809,6.46371,150.806,-107.634,34644.4,24524,1.70361,1.0784,1.98065,3.99509,2.99739,0.831508,141.74,-108.305,34635.3,0.00345611,-2.9656,-0.00579368,41011.4 
157,44.842,0.48,0.33,0.17,1.35,157,34609.1,-0.408429,57.6077,13.8537,78.9719,-0.502906,1119.4,173.443,0.757402,0.464648,1.81312,5.14681,3.24507,53.2497,521.598,-97.3393,35713.7,44306.1,0.422103,0.129349,1.14252,4.81151,2.90977,0.878652,446.911,-102.872,35639,0.0105153,1.67454,-0.00534564,42501 
158,44.809,0.48,0.33,0.17,1.35,158,37895.8,-0.0923205,60.3143,14.2382,78.7118,0.416421,180.045,500,-1.29089,2.74286,-0.135138,0.722379,1.08536,23.8903,2969.94,-61.5155,36120.3,30396.4,-1.44132,2.59243,-0.436,0.571948,0.934931,1.19622,2936.43,-63.9976,36086.8,0.0645103,1.03965,-0.00327756,45518.8 
159,44.836,0.48,0.33,0.17,1.35,159,31931.1,-0.0490285,53.1733,13.7538,78.8706,0.0239406,25.8183,497.659,-1.79351,2.11672,5.53625,1.25835,1.50413,1.66878,1021.32,-55.8265,32626.6,23827.5,-1.80402,2.10621,5.51523,1.24784,1.49362,0.355613,1018.97,-55.9999,32624.3,0.0257866,1.10641,-0.00317202,39515.7 
160,44.818,0.56,0.25,0.17,1.35,160,36314.6,-0.399405,63.4376,13.1484,78.9131,1.25452,-1446.3,112.489,-0.369229,-0.031215,0.727552,3.46752,4.96301,25.7419,8807.35,29.9531,29039.4,86218.1,-0.531319,-0.193305,0.403372,3.30543,4.80092,0.948187,8771.24,27.2786,29003.3,0.204005,0.994587,0.00172957,42995.2 
161,44.812,0.72,0.09,0.17,1.35,161,36303,-0.396939,59.8465,13.9285,78.8718,1.82338,-2853.53,361.153,0.894849,0.302753,2.86909,2.28213,1.63055,48.6562,2917.84,-54.8813,34825.6,196513,0.588474,-0.00362224,2.25634,1.97576,1.32418,0.632585,2849.59,-59.9365,34757.3,0.0649654,1.03821,-0.0031867,43863.2 
162,44.83,0.56,0.25,0.17,1.35,162,36361.4,-0.34897,62.27,13.3194,78.8395,0.135133,-395.566,451.409,-1.22302,-2.22506,0.58005,2.49259,3.7264,29.0732,7487.77,7.26949,30250.7,28739.8,-1.40609,-2.40813,0.213917,2.30953,3.54333,0.905034,7446.99,4.24889,30210,0.172805,0.999003,0.000259017,43094.7 
163,44.83,0.52,0.29,0.17,1.35,163,36871.4,-0.0861028,61.0976,13.7175,79.0013,-0.115023,23.7034,1.15042e-11,-1.0267,-0.497468,5.53724,-0.470192,2.11954,10.2956,5087.14,-9.21841,33266.6,27371.8,-1.09153,-0.562297,5.40759,-0.535021,2.05471,-0.0254363,5072.7,-10.2881,33252.1,0.114481,1.00356,-0.000570265,44310.2 
164,44.806,0.64,0.17,0.17,1.35,164,35638.8,-0.472769,60.3608,13.7169,78.8406,-0.147848,-376.701,356.391,0.295957,1.53766,3.56067,0.912999,0.527682,13.6313,588.646,-100.402,36742.6,28766,0.210124,1.45183,3.38901,0.827166,0.441849,0.463763,569.526,-101.818,36723.4,0.0129723,1.45531,-0.00513357,43903.2 
165,44.836,0.68,0.13,0.17,1.35,165,35160.1,-0.368013,57.4692,14.0156,78.7968,-0.165717,117.989,76.109,0.85382,1.47516,0.48245,1.334,2.90813,37.3749,3504.61,-36.9135,33093,26857,0.61848,1.23982,0.0117701,1.09866,2.67279,0.997914,3452.18,-40.7966,33040.6,0.0813426,1.02112,-0.00227971,42440 
166,44.821,0.52,0.29,0.17,1.35,166,37162.1,0.0173623,61.6944,13.6088,78.9349,-0.0254678,-56.4321,500,-1.39498,2.25898,2.29097,1.59893,4.73461,-18.6047,6795.01,40.3133,31726.2,27378.1,-1.27783,2.37613,2.52527,1.71608,4.85176,0.752216,6821.11,42.2462,31752.3,0.154014,0.989278,0.00244492,44288.8 
167,44.818,0.48,0.33,0.17,1.35,167,32291.4,-0.37754,57.2917,12.9902,79.1834,-0.741079,2045.22,377.161,-1.80727,0.508209,2.33893,2.58192,-0.379279,-45.0799,7368.96,50.4224,26547.7,73567.3,-1.52342,0.792065,2.90664,2.86578,-0.0954231,0.412282,7432.19,55.1061,26610.9,0.191388,0.987191,0.00380015,38833.1 
168,44.824,0.64,0.17,0.17,1.35,168,37300.1,-0.395518,61.7046,13.8574,78.8525,-2.37978,1767.8,167.39,0.124573,3.47338,2.28519,3.11096,2.05221,56.0405,4771.24,-44.5591,33744.1,164786,-0.228299,3.12051,1.57945,2.75809,1.69934,0.823112,4692.64,-50.3815,33665.5,0.105647,1.01915,-0.00276439,44417.9 
169,44.815,0.44,0.37,0.17,1.35,169,35048.5,-0.277162,58.5215,13.8176,78.789,-0.318363,530.7,3.75325,-0.00105177,2.02169,-1.31536,0.736135,3.74854,17.1845,3314.32,-11.3645,33077.8,31823.5,-0.109258,1.91349,-1.53177,0.627929,3.64034,1.33734,3290.22,-13.1499,33053.7,0.0777946,1.00704,-0.00073339,42293.6 
170,44.803,0.6,0.21,0.17,1.35,170,34176.2,-0.43713,57.6767,13.7305,78.7375,-0.395975,1230.39,155.873,1.29422,-2.20024,3.23281,4.36748,1.92545,-15.2306,726.246,-81.3906,34942,41639.9,1.39012,-2.10433,3.42462,4.46338,2.02135,0.627562,747.609,-79.8082,34963.4,0.0177983,1.22973,-0.00422259,42004.4 
171,44.827,0.64,0.17,0.17,1.35,171,36595.1,-0.363728,61.6613,13.5603,79.0509,0.443766,-529.817,50.0839,2.36377,-0.343743,4.87267,-0.311152,-1.85556,39.16,9013.09,59.77,28865,34873.1,2.11719,-0.590323,4.3795,-0.557732,-2.10214,-0.34899,8958.17,55.7014,28810.1,0.208552,0.989236,0.00354888,42954.1 
172,44.818,0.64,0.17,0.17,1.35,172,37211.3,0.0571876,62.3302,13.5054,78.8019,-0.030399,-15.7202,1.40222e-11,-2.30149,-1.52562,-1.62266,-1.02452,3.00418,23.1256,7592.74,48.2523,30892.7,27418.7,-2.44711,-1.67124,-1.91389,-1.17014,2.85856,0.559398,7560.31,45.8496,30860.3,0.171921,0.989499,0.00272937,43975.5 
173,44.821,0.64,0.17,0.17,1.35,173,34777,-0.211354,58.6847,13.6135,78.589,-0.196389,507.073,57.0223,-2.29777,0.0267143,-2.38116,1.25905,0.0200525,-31.6407,681.215,-84.0207,35579.2,29248.7,-2.09853,0.225947,-1.98269,1.45828,0.219286,0.0895516,725.595,-80.7333,35623.6,0.0169684,1.24179,-0.00419225,42761.4 
174,44.827,0.44,0.37,0.17,1.35,174,36520,-0.371008,61.8328,13.5097,78.8673,-0.00567238,-207.968,2.94617,0.504532,-0.315858,1.78949,4.82018,-2.23146,-28.7952,7170.67,41.9865,30700,27231.6,0.685848,-0.134543,2.15212,5.0015,-2.05015,0.619416,7211.05,44.9782,30740.4,0.165829,0.989202,0.00268805,43484.8 
175,44.827,0.72,0.09,0.17,1.35,175,36913.7,-0.416345,61.5213,13.8007,78.8099,-0.0993386,-184.515,288.2,1.3101,-1.61701,2.61795,1.92819,3.62592,-43.7311,3885.31,-22.606,34536.8,28235.6,1.58547,-1.34164,3.16867,2.20356,3.90128,0.667063,3946.65,-18.0625,34598.2,0.088149,1.00807,-0.000962625,44772.5 
176,44.806,0.48,0.33,0.17,1.35,176,32842.8,-0.14799,54.3734,13.7829,78.8363,-0.0325089,-14.1691,499.739,-1.70277,1.95687,7.15655,3.60998,5.32213,-69.0411,327.384,-94.4438,34042.4,24411.2,-1.26804,2.3916,8.02601,4.04471,5.75687,0.576489,424.221,-87.2707,34139.2,0.0104209,1.56252,-0.00473128,40708.5 
177,44.827,0.6,0.21,0.17,1.35,177,37002.2,-0.227841,62.4084,13.5164,78.9547,0.197966,-413.98,500,2.48123,-1.04563,4.35286,1.14305,1.15493,-81.4255,5750.15,9.67431,32612.1,30127.7,2.99394,-0.532916,5.37829,1.65576,1.66765,0.518192,5864.36,18.1341,32726.3,0.131839,0.994618,0.0010197,44481.3 
178,44.812,0.64,0.17,0.17,1.35,178,37302,-0.423758,60.9317,14.0864,78.8789,-0.929112,1520.79,5.15498,1.00637,-0.19556,5.65331,0.570723,2.70415,-31.8932,2479.35,-51.1947,36295.9,73938,1.2072,0.00526285,6.05496,0.771546,2.90497,0.446729,2524.09,-47.8811,36340.7,0.0555892,1.03434,-0.002433,45406.1 
179,44.812,0.56,0.25,0.17,1.35,179,36892.2,-0.37674,62.3161,13.6331,78.9573,1.06234,-898.839,500,0.573482,2.08204,5.77581,2.45869,0.402991,2.64629,2754.09,-30.8843,35639.8,58740.3,0.556819,2.06538,5.74248,2.44203,0.386328,0.486959,2750.38,-31.1593,35636.1,0.061391,1.02023,-0.00161329,44801 
180,44.821,0.48,0.33,0.17,1.35,180,35487.6,-0.211983,60.3323,13.5115,78.9041,-0.0907403,45.8148,7.06502e-06,-0.273632,1.22197,3.48814,4.24285,4.12577,13.184,1109.15,-100.612,35996,26672.1,-0.356648,1.13895,3.3221,4.15983,4.04275,0.730064,1090.66,-101.982,35977.5,0.0250471,1.19565,-0.00524903,43544.1 
181,44.812,0.52,0.29,0.17,1.35,181,37090.3,-0.124022,61.9719,13.5909,78.8604,-0.181755,172.007,1.50746e-05,-1.87778,0.494526,1.28988,1.23488,1.30396,-57.7609,3022.39,-33.5245,35373.9,28435.8,-1.51408,0.85823,2.01729,1.59859,1.66766,0.564083,3103.4,-27.5233,35454.9,0.0690562,1.01576,-0.00143206,44940.2 
182,44.827,0.56,0.25,0.17,1.35,182,34571.6,-0.361002,59.9093,13.2474,78.8967,0.367417,3452.04,499.854,1.71731,1.71938,3.43782,-0.45836,1.7034,6.3574,4616.5,-11.0531,31426.1,67124.1,1.67728,1.67935,3.35775,-0.498391,1.66337,0.573854,4607.58,-11.7137,31417.2,0.110547,1.00447,-0.000687287,41679.9 
183,44.821,0.68,0.13,0.17,1.35,183,35339.7,-0.382892,57.9492,13.9959,78.7441,-0.261753,345.149,350.428,1.13063,2.11064,2.57137,1.36551,1.81032,-17.4895,3627.22,-13.0303,33083.3,29343.4,1.24076,2.22076,2.79162,1.47564,1.92045,0.71069,3651.75,-11.2132,33107.8,0.0854831,1.0054,-0.000624286,42719 
184,44.842,0.52,0.29,0.17,1.35,184,36511.4,-0.45053,59.7534,14.1276,78.8196,-0.0319101,-183.322,152.987,0.672476,1.9119,1.0607,-1.14773,2.11379,20.192,1381.62,-86.3135,36679.7,27671,0.545332,1.78476,0.806414,-1.27487,1.98665,0.790448,1353.3,-88.4114,36651.4,0.0303417,1.12909,-0.0044634,44601.9 
185,44.812,0.6,0.21,0.17,1.35,185,35602,-0.414297,60.4783,13.5637,78.9388,-0.794918,252.104,321.187,-0.590316,-2.49061,2.60722,3.11289,-1.7967,-10.931,2020.29,-89.4582,35166.1,33227.6,-0.521486,-2.42178,2.74488,3.18172,-1.72787,-1.18636,2035.63,-88.3225,35181.4,0.0467426,1.08217,-0.00464607,43549.7 
186,44.818,0.68,0.13,0.17,1.35,186,35543.9,-0.371281,60.6585,13.4222,78.8792,-0.174139,501.307,419.952,-1.72727,1.03468,1.30717,-0.763172,2.53421,34.1552,7236.72,17.7173,29719.6,29345.8,-1.94234,0.819609,0.877036,-0.978238,2.31914,0.19921,7188.82,14.1687,29671.7,0.170345,0.996563,0.000878862,42201.4 
187,44.842,0.6,0.21,0.17,1.35,187,35252.4,-0.0281368,59.3266,13.5465,78.9961,0.0672282,11.1356,499.999,-4.3561,1.08128,-1.48035,0.501487,2.35467,3.54798,362.71,-99.4323,36623.2,26186.5,-4.37844,1.05894,-1.52503,0.479147,2.33233,0.249883,357.734,-99.8009,36618.2,0.00821108,1.95395,-0.00504589,43567.2 
188,44.806,0.6,0.21,0.17,1.35,188,35210.5,-0.396072,58.437,13.8566,78.951,-0.272527,530.336,485.831,-1.92514,0.8657,1.12193,3.39525,3.22116,-34.2096,442.628,-113.638,36291,31064.7,-1.70973,1.08111,1.55275,3.61066,3.43657,0.805209,490.61,-110.084,36339,0.011312,1.64654,-0.00561171,43370.6 
189,44.839,0.64,0.17,0.17,1.35,189,35988.8,-0.479592,60.5441,13.81,78.9126,-0.716633,538.573,20.5064,-1.48263,-4.1955,0.127181,-0.597522,-1.20826,62.6412,695.172,-126.845,36918.8,39782.6,-1.87706,-4.58994,-0.661689,-0.991957,-1.60269,0.931948,607.311,-133.353,36831,0.0137813,1.62408,-0.00671447,44067.8 
190,44.824,0.48,0.33,0.17,1.35,190,38303.2,-0.398787,63.5299,13.808,78.9636,-0.0613566,-200.938,239.686,-0.585352,0.672725,4.07178,0.400894,2.96201,13.752,6483.04,16.1495,33135.3,28957.9,-0.671945,0.586132,3.89859,0.314301,2.87541,0.443257,6463.75,14.7208,33116,0.141933,0.99603,0.000818184,45540.7 
191,44.809,0.68,0.13,0.17,1.35,191,34053.2,-0.381008,58.8185,13.3103,78.873,0.13697,29.9223,26.1905,-0.0388293,-0.796493,5.75863,3.18815,4.31047,24.2147,1082.74,-87.5563,34627.4,25619.2,-0.191303,-0.948967,5.45369,3.03567,4.15799,0.526058,1048.77,-90.0721,34593.4,0.0250489,1.17688,-0.00481947,41869 
192,44.806,0.72,0.09,0.17,1.35,192,35937.5,-0.153415,58.5001,13.9951,78.7669,0.215366,-666.89,2.03527e-08,-2.2345,0.862453,6.67891,0.526276,4.19351,39.3613,516.274,-113.814,36828.3,31327.4,-2.48235,0.614606,6.18321,0.278428,3.94566,0.275933,461.066,-117.903,36773.1,0.0105138,1.80998,-0.00594132,43853.3 
193,44.809,0.52,0.29,0.17,1.35,193,34851,-0.376077,57.7649,13.8492,79.0302,-0.0416619,-42.8518,30.5955,1.0363,-1.31631,3.64437,2.02941,-1.19808,19.5827,986.516,-99.2503,35372.9,26100.6,0.912997,-1.43961,3.39775,1.9061,-1.32138,0.0168128,959.05,-101.285,35345.4,0.0224777,1.22672,-0.0053067,42666.6 
194,44.821,0.6,0.21,0.17,1.35,194,34075.6,-0.362496,56.8722,13.7877,79.0146,-0.558815,1175.56,499.999,-0.12829,0.336279,5.20153,0.0870294,-1.90356,-1.18045,1259.49,-72.6632,34400.2,46911.1,-0.120857,0.343712,5.2164,0.0944623,-1.89612,-0.434025,1261.14,-72.5405,34401.9,0.0301309,1.11193,-0.00389945,41855.4 
195,44.806,0.68,0.13,0.17,1.35,195,37101.7,-0.390316,60.8282,13.9765,78.995,0.147676,149.392,0.390941,1.17349,-0.928804,5.67714,2.9675,4.89972,51.1511,435.239,-103.75,38175.5,28394,0.85141,-1.25089,5.03297,2.64541,4.57764,0.575511,363.495,-109.064,38103.8,0.00801958,2.1056,-0.0053006,45326 
196,44.806,0.56,0.25,0.17,1.35,196,36534.7,-0.00233191,59.8576,13.8121,78.8672,-0.0393703,-23.4819,0.00858341,0.26708,4.07275,3.87431,1.9174,5.73665,65.3956,370.062,-110.328,37527.2,26943.8,-0.144699,3.66097,3.05075,1.50562,5.32487,0.77229,278.338,-117.123,37435.4,0.00626152,3.79342,-0.00579672,44452.2 
197,44.815,0.68,0.13,0.17,1.35,197,39589.1,-0.0611679,66.4701,13.4401,78.9167,0.00331897,-26.8344,6.10927e-12,-0.295915,1.75227,4.01243,2.38426,4.94962,4.32293,10488,82.9863,30344.6,29084.9,-0.323135,1.72505,3.95799,2.35704,4.9224,0.686851,10481.9,82.5372,30338.6,0.226482,0.986407,0.00498653,46281.4 
198,44.839,0.52,0.29,0.17,1.35,198,37915.7,-0.437267,62.4703,13.9774,78.989,-0.127982,-147.682,13.1914,2.07107,-0.281469,6.72488,1.21781,-1.48785,-6.01658,503.671,-126.46,38942.3,29040,2.10896,-0.243584,6.80065,1.2557,-1.44996,0.197256,512.11,-125.835,38950.8,0.0110193,1.75441,-0.00598675,46474 
199,44.803,0.44,0.37,0.17,1.35,199,36974.3,-0.408592,61.3236,13.8523,78.8622,0.0966134,-149.713,193.419,-1.17674,0.654384,2.32477,3.45623,-0.162916,27.5921,1014.04,-94.2824,37340.3,28124,-1.35048,0.480645,1.97729,3.28249,-0.336656,0.512177,975.338,-97.1491,37301.6,0.0216784,1.21111,-0.00482075,44991.2 
200,44.815,0.6,0.21,0.17,1.35,200,34303.2,0.0267207,59.3236,13.0881,78.8918,-0.168511,285.759,1.38674,-0.557684,0.609139,3.31133,-1.43471,1.01167,51.6808,5236.59,27.8081,30590.9,26843,-0.883104,0.283719,2.66049,-1.76013,0.686246,-1.69493,5164.1,22.4387,30518.4,0.125416,0.992453,0.00135258,41175.9 
201,44.803,0.64,0.17,0.17,1.35,201,34682.1,-0.378583,57.5739,13.8306,78.9388,-0.0457533,-101.484,295.407,-0.0200688,0.896069,4.33254,3.6988,1.52179,37.6716,922.685,-96.562,35230.6,26072.7,-0.257277,0.658861,3.85813,3.46159,1.28458,0.571599,869.847,-100.476,35177.8,0.0205251,1.25336,-0.00528932,42379.6 
202,44.809,0.44,0.37,0.17,1.35,202,37950.1,-0.42388,62.1083,14.0464,78.7929,0.0534627,-102.734,85.7625,-1.19329,0.170145,3.1904,-0.0877314,1.29546,0.834351,3606.23,-61.5105,35676.1,28578.3,-1.19855,0.164891,3.17989,-0.0929851,1.29021,0.0489212,3605.06,-61.5972,35674.9,0.0788828,1.03082,-0.00319077,45701.4 
203,44.8,0.56,0.25,0.17,1.35,203,37249.6,-0.328506,61.0085,14.0114,78.7022,-0.0715408,88.363,499.79,0.00518272,0.051916,3.69528,-0.040578,0.89489,15.5629,319.575,-118.182,38306.1,28032.9,-0.0928126,-0.0460793,3.49929,-0.138573,0.796895,0.129253,297.747,-119.799,38284.2,0.00654775,3.37971,-0.00579773,45473.2 
204,44.827,0.52,0.29,0.17,1.35,204,38923.6,-0.393235,65.7915,13.5287,78.9214,-0.122582,-231.217,421.815,-0.23834,0.16275,2.53606,2.23495,2.7075,47.0841,8344.39,4.42471,31944.8,29897.5,-0.534816,-0.133726,1.94311,1.93847,2.41102,0.654501,8278.35,-0.467147,31878.8,0.180375,1.0001,-2.69947e-05,45895.3 
205,44.836,0.72,0.09,0.17,1.35,205,36220.4,0.0555271,60.6673,13.495,78.9665,-0.0232624,-18.7576,3.75289e-11,0.212006,2.52435,5.93345,3.52103,-3.54696,7.81574,3200.75,-27.1879,34502.5,26665.9,0.162793,2.47513,5.83503,3.47182,-3.59617,0.301077,3189.79,-27.9999,34491.5,0.0726773,1.0156,-0.00149764,43889.8 
206,44.839,0.6,0.21,0.17,1.35,206,36209.3,0.0433128,60.6854,13.5461,78.8248,-0.0305832,-15.7852,4.00233e-11,-2.42501,0.267083,1.18928,5.07976,1.41542,27.2549,610.518,-99.1822,37219.8,26776.3,-2.59663,0.0954659,0.846041,4.90814,1.2438,0.811858,572.29,-102.014,37181.6,0.0128759,1.45338,-0.0050798,44446.5 
207,44.827,0.68,0.13,0.17,1.35,207,37405.4,0.0629062,64.2693,13.1014,78.8559,-0.00251916,-34.3856,1.56668e-11,1.73808,1.25887,3.86969,4.46327,1.81106,41.2895,6586.15,3.42159,32236.9,27413.3,1.4781,0.998876,3.34971,4.20328,1.55107,0.710759,6528.24,-0.86823,32179,0.146704,1.00023,-4.97048e-05,44499.5 
208,44.803,0.72,0.09,0.17,1.35,208,34065.1,-0.0505545,58.1733,13.3235,78.9354,-0.20286,519.986,500,0.960533,0.0416761,3.86912,2.32974,2.60283,37.0501,162.04,-123.589,35493.3,28665.1,0.727239,-0.191619,3.40253,2.09644,2.36954,0.595136,110.074,-127.438,35441.3,0.00262513,-0.974597,-0.00666793,41930.9 
209,44.806,0.52,0.29,0.17,1.35,209,35741,-0.280079,60.9264,13.5194,78.9969,0.0406831,-44.4493,67.4315,-3.27673,1.04481,0.359597,2.61483,2.37814,20.0868,355.574,-129.125,36809.6,26872.7,-3.40321,0.918329,0.106634,2.48835,2.25166,0.95485,327.4,-131.212,36781.5,0.00748693,3.34836,-0.00661488,43729.5 
210,44.842,0.64,0.17,0.17,1.35,210,38048.5,-0.0242797,61.8491,13.9313,78.9005,-0.00175225,-15.1673,2.09254e-11,-2.96654,0.29866,1.75853,1.15515,-0.768962,49.1434,695.547,-131.898,38811.7,28050,-3.27598,-0.0107829,1.13965,0.845702,-1.0784,1.47888,626.619,-137.004,38742.8,0.0135213,1.61975,-0.00655684,46343.1 
211,44.812,0.44,0.37,0.17,1.35,211,32416.6,-0.00885994,56.1674,13.1372,79.1773,-0.0946369,102.657,500,-1.05228,-1.01746,1.92996,1.5664,2.67607,55.3219,1210.36,-89.8754,32901.4,24336.7,-1.40063,-1.36581,1.23326,1.21805,2.32773,0.38723,1132.77,-95.6231,32823.9,0.0284151,1.17333,-0.00539541,39864.9 
212,44.818,0.72,0.09,0.17,1.35,212,37455.4,-0.209384,65.7129,12.9929,79.0387,-0.114355,-110.371,500,-3.8853,1.86708,0.883755,-1.26075,1.61385,2.25558,10269.1,112.456,28689.3,28204.9,-3.8995,1.85288,0.85535,-1.27495,1.59965,1.98705,10266,112.221,28686.2,0.232706,0.981229,0.00715484,44115.6 
213,44.8,0.48,0.33,0.17,1.35,213,36575.2,-0.0489019,59.8208,13.8599,78.7337,-0.0112701,-146.73,500,1.58085,2.87903,5.15668,-0.455568,2.58444,24.8698,301.792,-108.222,37656.9,27044,1.42425,2.72243,4.84349,-0.612166,2.42784,0.551772,266.91,-110.806,37622,0.00597638,3.6563,-0.00545503,44660.8 
214,44.815,0.56,0.25,0.17,1.35,214,37308.1,-0.215421,64.4311,13.2132,78.8404,0.78731,-690.131,499.993,2.07259,3.21206,6.2456,2.08754,3.67909,25.9465,7750.2,8.83468,31079.9,45401.7,1.90921,3.04868,5.91884,1.92417,3.51571,0.637251,7713.81,6.13895,31043.5,0.173949,0.998609,0.000364149,44345.2 
215,44.803,0.52,0.29,0.17,1.35,215,38713,-0.0202533,62.5184,14.009,78.6578,-0.0261364,17.2277,3.33384e-10,-0.000757526,-0.0607342,2.57692,-0.635744,3.24067,38.3452,553.874,-109.633,39446.7,28525.6,-0.242207,-0.302184,2.09402,-0.877193,2.99922,0.42968,500.091,-113.617,39392.9,0.0106439,1.65999,-0.00534139,46983.7 
216,44.833,0.48,0.33,0.17,1.35,216,36935.1,-0.0460071,61.6984,13.4511,79.0379,-0.557723,344.594,500,-0.764638,4.37049,2.66179,3.72445,0.929147,89.6559,4931.92,-31.3935,33264.6,33272.8,-1.32918,3.80595,1.53272,3.15991,0.364608,0.79656,4806.17,-40.7084,33138.8,0.109455,1.01505,-0.00226801,43910 
217,44.836,0.56,0.25,0.17,1.35,217,36687.4,-0.343597,60.9527,13.7134,78.8464,0.146621,-376.347,474.018,-3.3259,0.381247,1.77293,0.436992,1.75618,41.6105,3530.29,-38.4506,34554.4,29006.6,-3.58791,0.119237,1.24891,0.174982,1.49417,3.26822,3471.93,-42.7738,34496,0.0785909,1.02203,-0.00228937,44177.2 
218,44.809,0.64,0.17,0.17,1.35,218,35571.8,-0.376873,59.8392,13.6487,78.898,-1.53248,1207.13,0.0444203,-1.26152,-0.185673,4.40035,2.20969,1.83909,68.7995,3166.48,-38.6666,33865.3,86807.8,-1.69474,-0.618885,3.53392,1.77647,1.40588,0.19732,3069.99,-45.8146,33768.8,0.0715329,1.02682,-0.00250547,42917.1 
219,44.833,0.56,0.25,0.17,1.35,219,37882,-0.40384,61.0761,14.2224,78.7698,5.06224,-325.963,497.349,-2.26893,1.70682,3.71154,0.775362,-0.416298,38.8846,1781.48,-103.134,37403.2,81993.8,-2.51378,1.46197,3.22185,0.530516,-0.661144,-0.579792,1726.94,-107.174,37348.7,0.0377074,1.12184,-0.00531412,45798.4 
220,44.833,0.44,0.37,0.17,1.35,220,34978.8,0.0443568,59.862,13.2554,79.0876,-0.0263721,-14.3444,3.00297e-11,-0.657847,-0.609342,-1.52336,2.6583,0.80549,67.3595,5276.2,-38.9863,31138.7,25843.3,-1.08199,-1.03349,-2.37165,2.23416,0.381345,-0.267161,5181.72,-45.9847,31044.2,0.123923,1.01578,-0.00273611,41813.9 
221,44.833,0.72,0.09,0.17,1.35,221,36837.6,-0.392775,61.5258,13.7294,79.1815,0.527051,-355.847,2.43001,3.05655,1.88586,-2.10389,2.10191,-0.119988,60.4575,765.661,-115.811,37545.4,33603.5,2.67587,1.50518,-2.86526,1.72123,-0.500672,2.12968,680.863,-122.092,37460.6,0.0151693,1.45732,-0.00604009,44884.4 
222,44.839,0.44,0.37,0.17,1.35,222,34186.1,0.0137005,57.9575,13.4302,78.8924,-0.0202049,2.41831,7.40661e-11,-1.16705,-0.996506,1.43413,-0.990933,-0.68719,7.18578,261.53,-101.274,35669.3,25340.5,-1.2123,-1.04175,1.34364,-1.03618,-0.732437,1.50154,251.451,-102.021,35659.2,0.00594035,3.44855,-0.00529816,42329.3 
223,44.815,0.52,0.29,0.17,1.35,223,36049.6,-0.135754,60.8332,13.4979,78.9364,-0.661731,311.683,500,-0.163801,2.53725,5.32715,3.71184,6.5728,5.0598,6432.94,10.6854,31203.2,33444.3,-0.195661,2.50539,5.26343,3.67998,6.54094,0.704204,6425.84,10.1597,31196.1,0.148618,0.997241,0.000599564,43237.2 
224,44.839,0.68,0.13,0.17,1.35,224,33946.2,-0.363009,57.281,13.5914,79.1739,0.0735732,-969.812,162.095,-0.972727,1.29056,0.534845,0.224958,4.5575,59.7184,1203.61,-86.1901,34312.4,27666.4,-1.34876,0.914527,-0.217216,-0.151073,4.18147,1.06429,1119.85,-92.3946,34228.6,0.026978,1.16875,-0.00499731,41509.6 
225,44.842,0.44,0.37,0.17,1.35,225,36208.4,-0.279445,62.2053,13.3429,78.8226,0.21658,-25.563,489.346,-0.777136,0.787681,3.71056,3.87712,-0.588779,32.9113,656.225,-81.9578,37145.6,27199.4,-0.984369,0.580448,3.2961,3.66989,-0.796012,0.428362,610.064,-85.3771,37099.4,0.0137441,1.32434,-0.0042573,44387.4 
226,44.842,0.72,0.09,0.17,1.35,226,36947,-0.434491,62.0567,13.7264,78.8338,0.669654,-628.564,1.21509,1.51181,0.918095,3.65872,2.5587,-0.501482,3.29246,1043.63,-111.074,37530.6,41431.8,1.49107,0.897363,3.61726,2.53797,-0.522214,0.549052,1039.02,-111.416,37525.9,0.0229264,1.23101,-0.00549938,45319.6 
227,44.824,0.6,0.21,0.17,1.35,227,37410.2,0.0607714,62.7246,13.4984,78.8371,-0.0262391,-17.6592,2.22696e-11,-0.438594,-0.0832635,2.54317,2.645,3.48958,55.4798,3413.99,-77.7386,35392,27577.3,-0.787936,-0.432605,1.84449,2.29566,3.14024,0.695621,3336.17,-83.5027,35314.2,0.0741257,1.04581,-0.00437483,45006.9 
228,44.806,0.44,0.37,0.17,1.35,228,33835.6,-0.0369663,57.2516,13.511,78.7956,-0.107219,277.184,499.966,1.03856,0.425159,8.38943,2.39916,0.839846,-57.3748,614.534,-90.8229,34881.1,26148.3,1.39984,0.786433,9.11198,2.76043,1.20112,0.402877,695.007,-84.8618,34961.6,0.0165676,1.27174,-0.0044914,41949.7 
229,44.815,0.72,0.09,0.17,1.35,229,35597.9,-0.356946,61.2477,13.2857,79.05,-0.0374398,-48.5298,5.41299,-0.714621,2.05643,7.9039,0.759557,0.73398,-24.9286,5600.73,3.94403,31480.6,26548.4,-0.557652,2.2134,8.21783,0.916525,0.890949,0.296482,5635.7,6.53401,31515.6,0.131601,0.997975,0.000381771,42824.1 
230,44.824,0.52,0.29,0.17,1.35,230,37263.3,0.0660273,60.873,13.8092,79.0199,0.00833078,-36.3897,9.31646e-12,2.6348,0.723684,8.03116,3.85521,2.41229,100.197,963.442,-118.592,37717.3,27374.3,2.00388,0.0927722,6.76934,3.2243,1.78138,0.512003,822.907,-129.002,37576.7,0.0182206,1.37805,-0.00636423,45163.5 
231,44.83,0.72,0.09,0.17,1.35,231,36599.2,-0.356459,61.9549,13.4842,78.9704,0.10976,-227.072,0.0283814,1.18392,0.81285,1.59867,3.62213,-0.285876,48.2258,5583.75,-14.2846,32468.2,28006.8,0.880252,0.509186,0.991336,3.31846,-0.589541,0.805989,5516.11,-19.2951,32400.6,0.126086,1.00616,-0.00109821,43748.8 
232,44.824,0.72,0.09,0.17,1.35,232,36004.2,-0.412809,59.9385,13.8288,78.7586,0.0886323,-425.477,8.59859,1.89753,0.125419,0.479485,1.81616,3.12728,-1.44966,997.654,-100.487,36577.6,28210.4,1.90666,0.134547,0.497742,1.82529,3.13641,0.93364,999.687,-100.337,36579.7,0.0226359,1.21307,-0.0050785,44163.7 
233,44.809,0.6,0.21,0.17,1.35,233,35660.2,-0.379087,59.9932,13.6279,78.9112,-0.0855897,69.4281,356.288,0.336379,-0.0810732,4.77759,3.63845,2.4906,52.4854,3145.75,-33.1121,34071.2,26808.4,0.00589304,-0.41156,4.11661,3.30796,2.16012,0.55152,3072.13,-38.5651,33997.6,0.0711318,1.02246,-0.00209396,43189.3 
234,44.836,0.6,0.21,0.17,1.35,234,35698.7,0.023074,58.8686,13.6396,79.0121,0.0314714,-84.5191,500,-0.425141,1.26207,3.66792,1.09252,2.64146,52.1239,1556.23,-72.3712,35372.6,26225.1,-0.753351,0.933864,3.0115,0.764309,2.31325,0.519664,1483.12,-77.7866,35299.5,0.034382,1.10106,-0.00407585,43136.5 
235,44.8,0.6,0.21,0.17,1.35,235,37281.2,-0.455478,62.0526,13.8827,78.9569,-0.513668,-12.7964,486.204,-0.757684,-1.00124,5.06591,2.63012,2.95056,50.9489,295.734,-103.039,38559.9,28257.2,-1.0785,-1.32205,4.42428,2.30931,2.62975,0.364582,224.273,-108.332,38488.5,0.00491389,6.46476,-0.00521194,45640.6 
236,44.821,0.56,0.25,0.17,1.35,236,37270.7,-0.0815062,62.575,13.4876,79.08,-0.136806,54.3208,500,-0.137314,-1.79742,3.41505,4.05272,0.423837,65.6049,6917.44,22.2655,31807.7,27716.4,-0.55041,-2.21052,2.58885,3.63963,0.0107405,0.255711,6825.42,15.4494,31715.7,0.154247,0.996054,0.000896527,44250 
237,44.833,0.64,0.17,0.17,1.35,237,37848,-0.219772,63.015,13.6474,78.9215,-0.0953355,96.0485,5.99349e-13,-0.197739,-1.17457,4.32286,1.94283,0.117998,54.8062,3887.23,-64.4108,35362.2,28293.6,-0.542839,-1.51967,3.63266,1.59773,-0.227102,-0.235274,3810.36,-70.1049,35285.3,0.0838418,1.03327,-0.00367334,45447 
238,44.842,0.56,0.25,0.17,1.35,238,38326.9,-0.425201,62.765,14.0338,78.7972,-0.0746119,323.544,73.5439,-0.000768842,-0.633548,1.74555,3.22745,1.17634,56.7765,965.154,-129.582,38568.1,29459.8,-0.358276,-0.991055,1.03054,2.86995,0.818833,0.694202,885.519,-135.481,38488.4,0.0191249,1.36564,-0.0065266,46301.9 
239,44.833,0.52,0.29,0.17,1.35,239,35925.7,-0.403796,60.8323,13.5808,78.7673,-0.285811,641.88,475.26,-4.87801,-0.112556,3.2395,2.91224,-2.70882,47.8525,701.592,-130.538,36736.6,32866.1,-5.17933,-0.413871,2.63687,2.61092,-3.01013,1.78582,634.474,-135.51,36669.5,0.0144512,1.59684,-0.00685404,43904.5 
240,44.833,0.52,0.29,0.17,1.35,240,37748.3,-0.414002,62.5366,13.8623,78.7879,0.0275398,148.514,66.9583,0.384749,-0.597704,0.877976,0.339848,0.151043,53.5287,719.467,-126.356,38474.8,28353.6,0.0476934,-0.93476,0.203865,0.00279253,-0.186012,1.2353,644.388,-131.918,38399.7,0.0140218,1.55825,-0.00636863,45956.1 
241,44.833,0.52,0.29,0.17,1.35,241,38278,-0.366948,62.3932,14.0901,78.8736,-0.0154617,-54.8734,499.528,-0.700868,1.907,2.09275,2.4456,0.575004,23.5051,823.616,-99.196,39034.8,28646,-0.848874,1.75899,1.79674,2.2976,0.426998,0.669197,790.648,-101.638,39001.8,0.0168896,1.29026,-0.00482365,46812.8 
242,44.833,0.52,0.29,0.17,1.35,242,35063.9,-0.0543665,59.3603,13.4581,78.8854,-0.0871551,194.656,500,1.08187,-0.094454,4.73805,5.49668,-1.74581,49.9935,504.021,-102.562,36224,26558.4,0.767072,-0.40925,4.10845,5.18189,-2.06061,0.458527,433.9,-107.756,36153.9,0.0100683,1.76866,-0.00552068,43095.5 
243,44.833,0.52,0.29,0.17,1.35,243,37407.5,0.0753221,61.1941,13.8175,79.0133,0.00429565,-44.2358,1.14008e-11,1.30234,-1.58083,3.81667,1.08625,2.37742,66.139,615.287,-96.4624,38239.1,27531.6,0.885884,-1.99729,2.98375,0.669786,1.96096,0.3374,522.52,-103.334,38146.3,0.0114751,1.52924,-0.00501508,45535.2 
244,44.833,0.52,0.29,0.17,1.35,244,37791.3,-0.0396327,62.5156,13.768,78.9596,-0.0190347,-70.1023,500,-0.172573,1.48718,3.31837,5.34444,0.902242,-15.8217,685.565,-116.717,38655.8,28062.5,-0.072948,1.5868,3.51762,5.44406,1.00187,0.693518,707.757,-115.073,38678,0.0152706,1.39768,-0.00551077,46347.8 
245,44.833,0.52,0.29,0.17,1.35,245,38311.9,-0.106907,61.8922,14.0515,78.9624,-0.0487381,35.0583,3.31061e-05,1.171,0.66161,2.55425,2.67412,0.713408,24.48,761.438,-104.575,38817.1,28366.6,1.01685,0.507466,2.24596,2.51998,0.559265,0.672099,727.102,-107.118,38782.7,0.0156397,1.34737,-0.00511392,46490.7 
246,44.833,0.52,0.29,0.17,1.35,246,38768.9,-0.0650487,64.1631,13.751,78.815,-0.0681041,-34.0479,500,-0.0232802,1.61626,2.28293,1.23871,3.64532,12.4043,605.225,-133.392,39709.4,28797.5,-0.101387,1.53815,2.12672,1.1606,3.56721,0.7435,587.827,-134.681,39692,0.012395,1.66932,-0.00628985,47424.4 
247,44.833,0.52,0.29,0.17,1.35,247,37559.5,0.0309768,62.2272,13.6683,78.8923,-0.0497238,-30.6754,500,-0.61705,1.03485,0.919166,1.81202,4.66319,28.4427,1181.71,-130.798,37874.9,27737.6,-0.796145,0.855751,0.560974,1.63292,4.48409,0.91674,1141.81,-133.753,37835,0.0249374,1.25786,-0.00655484,45787.1 
248,44.833,0.52,0.29,0.17,1.35,248,39235.7,-0.0459876,64.4025,13.7871,78.8404,-0.0454655,29.7657,493.755,-0.71979,-0.798781,2.43217,1.1615,1.64159,63.2146,811.738,-121.627,39865.6,28948.9,-1.11784,-1.19683,1.63607,0.763456,1.24354,-0.231604,723.074,-128.195,39776.9,0.0151715,1.44982,-0.00597227,47659.9 
249,44.833,0.52,0.29,0.17,1.35,249,40497.5,-0.0164293,65.5784,14.0262,79.0721,-0.114675,127.556,499.251,-4.39363,1.26986,0.770237,2.06559,2.40373,34.973,944.694,-106.906,40994.9,30419.2,-4.61384,1.04964,0.329806,1.84537,2.18351,0.584882,895.641,-110.54,40945.8,0.0181998,1.27549,-0.00499792,49211.7 
250,44.833,0.52,0.29,0.17,1.35,250,38511.3,-0.0447967,63.0167,13.863,78.7971,0.00381412,-17.3376,1.73453e-11,0.696162,1.05977,-0.926095,2.80427,2.32611,-11.8805,812.484,-127.572,39171.9,28440.7,0.77097,1.13458,-0.776479,2.87908,2.40092,1.12115,829.148,-126.338,39188.6,0.0176146,1.3636,-0.00597413,47071.6 
251,44.833,0.52,0.29,0.17,1.35,251,40377.3,-0.00703509,64.9652,14.0857,79.0186,-0.00274255,-12.2737,4.11442e-10,-3.7607,-1.5018,2.58165,1.38156,2.33947,40.6177,1087.55,-86.4429,40785.1,29790,-4.01646,-1.75756,2.07013,1.1258,2.08371,5.18732,1030.58,-90.663,40728.1,0.0209939,1.18197,-0.00411751,49089.8 
252,44.833,0.52,0.29,0.17,1.35,252,37158.5,-0.430823,61.444,13.9341,78.957,0.830361,-818.037,30.1317,0.521162,2.81462,0.909136,0.283962,2.69333,25.4728,1171.21,-79.9996,37579.9,49983.5,0.360767,2.65422,0.588345,0.123567,2.53294,0.906013,1135.49,-82.6461,37544.2,0.02499,1.14597,-0.00407155,45437.6 
253,44.833,0.52,0.29,0.17,1.35,253,39002.3,-0.0498221,63.8874,13.8888,78.8678,-0.0383223,2.14215,499.967,2.11062,3.01916,1.32665,-0.539126,1.4445,51.2165,703.407,-114.911,39906.2,28887.9,1.78812,2.69666,0.681661,-0.861622,1.122,0.874391,631.57,-120.232,39834.4,0.0132582,1.49958,-0.00559111,47636.1 
254,44.833,0.52,0.29,0.17,1.35,254,37346.5,0.0451011,62.2319,13.5817,79.1009,-0.00844763,-35.374,2.24128e-11,-0.681786,3.49541,4.67221,5.27762,3.36899,13.4602,1181.81,-112.647,37825.7,27524.4,-0.766541,3.41065,4.5027,5.19287,3.28424,0.711807,1162.93,-114.046,37806.8,0.0254053,1.20717,-0.00558784,45775 
255,44.833,0.52,0.29,0.17,1.35,255,38440.8,-0.429404,63.9004,13.8279,79.1042,-0.150763,-134.303,93.8509,0.466181,1.18797,6.03076,0.513273,3.96353,9.43442,1221.13,-100.635,38763.6,29423.4,0.406775,1.12857,5.91195,0.453867,3.90412,0.499211,1207.9,-101.615,38750.4,0.0257364,1.17264,-0.00485399,46933.4 
256,44.833,0.52,0.29,0.17,1.35,256,35152.3,-0.0237321,58.9138,13.5169,78.904,-0.0350166,-14.3299,500,1.1746,-0.115089,3.15429,2.80703,6.54834,36.6242,396.298,-86.8426,36296.8,25939.6,0.943985,-0.345702,2.69306,2.57642,6.31773,0.778994,344.929,-90.6477,36245.5,0.00800029,1.85152,-0.00462832,43114.6 
257,44.833,0.52,0.29,0.17,1.35,257,37521.2,-0.404993,61.5269,13.993,78.9269,0.295351,-81.1708,157.285,-0.292281,-0.893645,-0.120999,1.41373,0.847755,5.53641,750.264,-100.898,38286.7,28807,-0.327142,-0.928506,-0.190722,1.37887,0.812894,1.25587,742.498,-101.473,38279,0.0161723,1.31434,-0.00490716,45911.7 
258,44.833,0.52,0.29,0.17,1.35,258,38097.9,-0.407161,63.6657,13.7235,78.89,-0.148109,10.6803,317.507,-1.41318,-0.806263,-2.13555,4.00111,4.27945,42.5949,1316.76,-100.976,38209,28493.8,-1.68139,-1.07447,-2.67197,3.73291,4.01124,2.15354,1257.02,-105.401,38149.2,0.0271652,1.17197,-0.00511553,46273.1 
259,44.833,0.52,0.29,0.17,1.35,259,35851.9,-0.435992,60.3205,13.73,78.8886,-0.156536,234.348,55.793,0.946194,0.945476,0.652832,-0.234673,3.63545,43.4796,825.135,-110.485,36603.8,28154.8,0.672414,0.671696,0.105272,-0.508452,3.36167,0.975533,764.151,-115.002,36542.9,0.0174127,1.35753,-0.00583101,43884.7 
260,44.833,0.52,0.29,0.17,1.35,260,38517.5,-0.290973,62.6697,14.063,78.8909,0.253519,-19.2566,500,-0.119237,1.04968,4.39572,1.4484,2.4912,110.617,781.822,-125.413,39121,28849,-0.815764,0.353151,3.00267,0.751869,1.79467,0.40969,626.67,-136.906,38965.9,0.013446,1.61895,-0.00651436,46606.4 
261,44.833,0.52,0.29,0.17,1.35,261,38129.9,-0.409602,63.2091,13.8402,79.0343,-0.289706,43.1803,240.91,0.676676,-0.759626,4.9053,3.12548,1.85962,100.571,909.102,-102.076,38668.8,28885.7,0.0434092,-1.39289,3.63877,2.49221,1.22635,0.394331,768.042,-112.524,38527.7,0.0166132,1.34479,-0.00540917,46230.8 
262,44.833,0.52,0.29,0.17,1.35,262,36911,0.0338877,61.7029,13.5451,79.1532,-0.0130165,-51.6161,500,-0.974143,-1.88096,3.89358,2.22898,2.27122,9.14645,745.388,-107.553,37798.1,27229,-1.03174,-1.93856,3.77839,2.17139,2.21363,0.272422,732.559,-108.503,37785.3,0.0161644,1.3499,-0.00531789,45319.2 
263,44.833,0.52,0.29,0.17,1.35,263,35953.8,-0.13407,61.0146,13.4949,78.7854,-0.151065,252.679,500,-0.100955,0.963189,4.16331,2.06953,3.77248,47.2766,659.397,-115.851,37140.2,28046.6,-0.398643,0.665501,3.56793,1.77184,3.47479,0.607118,593.087,-120.763,37073.9,0.0133758,1.55359,-0.00603663,44340.2 
264,44.833,0.52,0.29,0.17,1.35,264,39292.6,-0.0250524,63.4645,14.0565,79.0637,-0.00148174,-15.188,1.95165e-11,-1.73445,-0.988293,6.21254,2.01305,2.55381,8.20953,1412.39,-105.577,39451.3,29041.3,-1.78615,-1.03999,6.10915,1.96136,2.50212,0.211366,1400.88,-106.43,39439.8,0.0292215,1.15334,-0.00499583,47939.9 
265,44.833,0.52,0.29,0.17,1.35,265,37551.6,0.0592037,61.4746,13.8335,78.9014,-0.0226798,-6.49588,1.08347e-10,1.24694,-0.221088,3.62517,2.28011,4.79734,79.989,724.508,-100.815,38328.6,27688.4,0.743273,-0.724757,2.61783,1.77644,4.29368,0.699323,612.316,-109.125,38216.4,0.0133963,1.45323,-0.00528786,45707.7 
266,44.833,0.52,0.29,0.17,1.35,266,35074,-0.0493036,59.1212,13.4871,79.0798,-0.0955265,124.653,499.985,-3.27302,0.369753,11.2733,-0.444591,0.114266,82.6386,541.199,-85.2434,36228.7,26344.7,-3.79337,-0.150601,10.2326,-0.964945,-0.406087,-1.08081,425.29,-93.8293,36112.8,0.00988166,1.62891,-0.00480923,43038.3 
267,44.833,0.52,0.29,0.17,1.35,267,38788.7,-0.11056,63.9133,13.7908,78.9624,0.0183929,-241.55,0.0888759,-0.702033,-0.338232,0.596724,1.32784,2.29215,40.4142,1252.68,-110.094,38905.3,28837.6,-0.95651,-0.59271,0.087769,1.07336,2.03767,0.946793,1196,-114.293,38848.6,0.0254265,1.20082,-0.00544902,47037.4 
268,44.833,0.52,0.29,0.17,1.35,268,36443.7,-0.0339189,60.678,13.6279,79.0732,-0.0538622,20.6945,0.000972207,1.46203,1.94092,3.74506,0.313524,-0.043922,95.2812,673.053,-108.616,37283.7,26955,0.862073,1.34096,2.54513,-0.286436,-0.643882,0.333358,539.411,-118.515,37150.1,0.0121553,1.62469,-0.00591137,44376.5 
269,44.833,0.52,0.29,0.17,1.35,269,38128.6,-0.0196403,62.1909,13.874,78.9443,0.000888987,-19.9539,3.53012e-11,3.14357,2.11483,1.00818,4.47229,3.21732,16.2629,932.358,-106.076,38771.8,28088.8,3.04117,2.01243,0.803376,4.36988,3.11492,0.939785,909.547,-107.766,38749,0.0195042,1.26158,-0.0051495,46633.3 
270,44.833,0.52,0.29,0.17,1.35,270,36487.6,0.0327633,60.9619,13.5314,79.0832,-0.0271775,-12.8139,8.7889e-12,-1.92873,-2.84042,-0.0447401,3.73414,2.35736,22.8275,826.373,-115.186,37278.3,26864.5,-2.07247,-2.98416,-0.332217,3.5904,2.21362,1.80016,794.355,-117.557,37246.3,0.017753,1.3495,-0.00584809,44744.9 
271,44.833,0.52,0.29,0.17,1.35,271,35978,0.0388684,60.6797,13.4243,79.0077,-0.0128182,-24.7104,1.46204e-12,0.309156,0.635262,5.14209,3.08698,3.87128,22.7002,825.039,-92.1703,36813.4,26527.7,0.166219,0.492325,4.85621,2.94404,3.72835,0.60153,793.2,-94.5288,36781.6,0.0179475,1.26351,-0.00475674,44195.5 
272,44.833,0.52,0.29,0.17,1.35,272,37931.8,-0.250101,63.2232,13.7143,78.9766,-0.14592,-70.6425,500,-0.697382,0.769484,2.92706,1.77463,1.61275,8.4584,717.538,-93.9523,38815.6,28561.4,-0.750642,0.716224,2.82054,1.72137,1.55949,0.535099,705.674,-94.8311,38803.8,0.0151777,1.30748,-0.00452221,46494.1 
273,44.833,0.52,0.29,0.17,1.35,273,34905,-0.433669,59.9048,13.4776,79.0941,0.409008,-2984.24,18.1059,-0.304074,-0.0908969,2.18155,0.711792,3.40793,-8.20545,543.443,-90.9363,36119.9,66016.4,-0.252407,-0.0392293,2.28489,0.763459,3.45959,0.632436,554.952,-90.0837,36131.4,0.0128491,1.39679,-0.00461398,43190 
274,44.833,0.52,0.29,0.17,1.35,274,38747.4,-0.192955,63.4465,13.9254,78.7306,-0.220923,-173.732,500,0.364908,-0.668264,5.60623,2.06837,2.41303,41.2552,1403.52,-116.74,38749.4,30010.8,0.105135,-0.928037,5.08669,1.8086,2.15325,0.381606,1345.66,-121.026,38691.5,0.02863,1.18679,-0.00579544,47001.7 
275,44.833,0.52,0.29,0.17,1.35,275,38539.7,-0.013177,63.9596,13.6788,78.9381,0.00399243,-19.3407,2.21895e-10,-2.28478,-0.491037,1.91664,3.97833,6.6535,-17.5604,556.444,-118.013,39625.1,28483.1,-2.17421,-0.380463,2.13779,4.08891,6.76407,0.795155,581.075,-116.188,39649.7,0.0122673,1.53827,-0.00542733,47367.8 
276,44.833,0.52,0.29,0.17,1.35,276,37206.6,-0.438076,62.992,13.6186,79.0139,0.177597,-259.732,24.8789,-2.13075,0.365317,6.34948,4.44042,4.93955,66.0877,659.018,-109.202,38266.3,29427.9,-2.54689,-0.0508192,5.5172,4.02429,4.52341,0.518871,566.323,-116.069,38173.6,0.0124163,1.55925,-0.00563255,45611.2 
277,44.833,0.52,0.29,0.17,1.35,277,39140.5,-0.426055,63.8005,14.083,78.8054,1.08653,178.428,254.3,-0.151842,1.07256,-1.39014,1.186,2.66029,42.718,813.46,-127.885,39744,35560.3,-0.420825,0.803576,-1.92811,0.917017,2.39131,2.09367,753.544,-132.323,39684.1,0.0158371,1.44363,-0.0061803,47580.8 
278,44.833,0.52,0.29,0.17,1.35,278,38092.7,-0.0207968,63.0231,13.7274,78.9753,0.00784974,-28.56,0.275741,-1.00305,1.63168,3.96871,3.831,5.05568,123.296,677.28,-119.308,38907.5,28170.5,-1.77941,0.855318,2.41599,3.05464,4.27932,0.72626,504.345,-132.118,38734.6,0.0109139,1.84648,-0.00632288,46211.1 
279,44.833,0.52,0.29,0.17,1.35,279,36177.1,0.0584733,60.6128,13.5063,78.9254,-0.0284367,-14.7356,3.60365e-11,1.31417,1.60063,7.19098,6.79842,4.59102,35.4179,523.385,-98.8808,37215.8,26663.5,1.09115,1.37762,6.74494,6.5754,4.36801,0.665382,473.708,-102.561,37166.1,0.010686,1.61001,-0.0051093,44329.7 
280,44.833,0.52,0.29,0.17,1.35,280,35471.2,-0.219445,59.1465,13.6733,78.9494,-0.17535,569.988,500,0.247167,1.87613,1.34199,-1.16285,-0.838311,-27.9042,415.031,-115.123,36569.7,29580.3,0.422873,2.05183,1.6934,-0.987145,-0.662605,0.327576,454.169,-112.224,36608.8,0.0104042,1.76187,-0.00567903,43652.6 
281,44.833,0.52,0.29,0.17,1.35,281,35106.8,-0.381755,59.322,13.5846,78.9492,-0.416863,706.162,496.563,-0.827757,0.518614,1.00666,0.136449,3.08475,44.712,909.303,-82.5025,35720.1,35816.3,-1.1093,0.237074,0.443577,-0.14509,2.80321,0.80104,846.59,-87.1479,35657.4,0.0197238,1.21973,-0.00452253,42922.3 
282,44.833,0.52,0.29,0.17,1.35,282,38505.6,-0.00827234,62.3623,13.9963,78.7067,-0.00492552,-20.6192,1.84111e-10,-0.617795,-1.2126,2.09374,1.52021,2.98453,-35.8013,618.554,-96.5041,39389,28417.1,-0.392364,-0.987168,2.5446,1.74564,3.20996,0.584261,668.769,-92.7845,39439.2,0.0141667,1.32064,-0.00435259,47207 
283,44.833,0.52,0.29,0.17,1.35,283,36763.9,-0.122852,60.2181,13.8442,78.9442,0.348383,-371.691,500,-1.93402,0.456508,6.90384,2.79947,1.6739,81.0015,638.439,-105.606,37692.5,31354.2,-2.44406,-0.0535363,5.88375,2.28942,1.16385,0.13973,524.827,-114.022,37578.9,0.0116972,1.61342,-0.00562072,44867.9 
284,44.833,0.52,0.29,0.17,1.35,284,37431,-0.0183788,61.0227,13.8058,78.7713,0.886691,890.218,36.134,1.10956,-1.10849,7.25403,-0.127413,1.44913,31.4816,835.632,-102.738,37929.6,53121.1,0.911328,-1.30672,6.85757,-0.325644,1.2509,0.0717247,791.476,-106.009,37885.4,0.0173965,1.30615,-0.0051812,45496.3 
285,44.833,0.52,0.29,0.17,1.35,285,37019.4,-0.39473,59.9818,14.1523,78.8333,0.38086,323.767,130.105,-0.538552,-1.67712,3.65965,1.22576,2.95789,26.2588,808.786,-108.184,37647.2,31648,-0.703897,-1.84247,3.32896,1.06042,2.79254,0.281865,771.955,-110.912,37610.4,0.0170967,1.33589,-0.005462,45152.2 
286,44.833,0.52,0.29,0.17,1.35,286,39688.2,-0.0373661,64.9256,13.8842,78.9033,-0.00842836,-7.74109,6.66027e-11,-0.287976,0.101321,2.24732,-0.236334,2.49511,7.91345,959.919,-85.4782,40335.2,29346.9,-0.337805,0.0514921,2.14766,-0.286163,2.44528,0.465818,948.82,-86.3003,40324.1,0.0195507,1.1893,-0.00395802,48531.3 
287,44.833,0.52,0.29,0.17,1.35,287,36398.7,-0.326953,60.7605,13.729,78.7784,-0.845604,1810.05,499.983,2.31038,1.61292,2.46785,-1.23228,0.91642,37.6882,616.139,-126.738,37260.3,76981,2.07306,1.3756,1.99322,-1.46959,0.679108,0.57148,563.278,-130.654,37207.5,0.012667,1.68326,-0.00651064,44468.1 
288,44.833,0.52,0.29,0.17,1.35,288,36501.3,0.0740135,60.6472,13.5574,78.9516,-0.0109815,-22.357,7.31103e-12,-2.89335,1.58635,9.46851,2.0437,2.84789,90.3781,774.8,-121.737,37163.8,26774,-3.46244,1.01727,8.33033,1.47462,2.2788,0.13573,648.036,-131.127,37037.1,0.0146113,1.54824,-0.00656465,44351.8 
289,44.833,0.52,0.29,0.17,1.35,289,36581.9,0.028162,60.3612,13.6685,78.9928,-0.0430575,-25.2041,500,-1.04256,3.89177,7.57912,0.718988,4.18782,64.3742,1032.07,-88.1149,37024.6,26893.3,-1.44791,3.48643,6.76843,0.313641,3.78247,0.47544,941.779,-94.8031,36934.4,0.021152,1.21383,-0.00475078,44524.3 
290,44.833,0.52,0.29,0.17,1.35,290,38123.1,-0.0258065,62.1682,13.8884,78.9633,-0.00115234,-24.1316,3.33656e-11,-1.55005,-0.442204,6.91896,3.34148,2.01826,-4.24823,727.916,-144.219,38908.7,28107.9,-1.5233,-0.415454,6.97246,3.36823,2.04501,0.332584,733.874,-143.778,38914.7,0.0157304,1.52173,-0.00685265,46653.2 
291,44.833,0.52,0.29,0.17,1.35,291,37230.2,-0.172268,60.7923,13.9305,78.891,0.505548,-423.56,500,-1.30754,0.0230972,1.65158,-0.0623781,1.84972,69.2976,643.296,-119.161,38061.6,34539.1,-1.74388,-0.413252,0.778887,-0.498727,1.41337,2.68006,546.1,-126.361,37964.4,0.0120435,1.68047,-0.00616908,45344.1 
292,44.833,0.52,0.29,0.17,1.35,292,37543.2,0.0529707,61.6388,13.8098,78.9488,-0.0274298,-18.5728,1.94439e-11,-2.14545,1.63843,6.14251,2.60272,3.24431,12.792,808.425,-119.239,38361.7,27726.5,-2.22599,1.55789,5.98142,2.52217,3.16376,0.456198,790.483,-120.568,38343.8,0.0171709,1.36411,-0.00582607,46036.2 
293,44.833,0.52,0.29,0.17,1.35,293,39332.4,-0.0365929,63.6589,13.998,78.8273,0.0157985,-0.91612,2.19712e-05,1.70577,0.876996,2.73436,2.57986,4.34929,43.44,1026.98,-126.629,39856.3,29008.6,1.43224,0.603467,2.1873,2.30633,4.07576,0.79375,966.052,-131.142,39795.4,0.0201577,1.31158,-0.00610757,47924.6 
294,44.833,0.52,0.29,0.17,1.35,294,35432.8,0.018274,58.1452,13.7273,79.0498,0.0853613,-103.606,0.301739,-1.06603,0.2414,6.54666,3.64237,3.41995,-6.3156,1204.25,-60.55,35788.5,26271.2,-1.02626,0.281168,6.6262,3.68213,3.45972,0.491191,1213.11,-59.8939,35797.3,0.0279171,1.09457,-0.00309162,43454 
295,44.833,0.52,0.29,0.17,1.35,295,36702.8,-0.388821,60.2302,13.9608,79.1222,1.12749,13.9677,117.135,-0.687001,-1.53937,3.78766,1.43333,2.91624,-9.39415,618,-103.379,37612.9,27885.5,-0.627848,-1.48022,3.90597,1.49248,2.97539,0.376618,631.176,-102.403,37626.1,0.0140168,1.3965,-0.00503873,45030 
296,44.833,0.52,0.29,0.17,1.35,296,37190.1,0.0598416,60.3703,13.907,78.7328,-0.00954808,-20.0529,2.99406e-11,-1.06299,-0.560582,1.74726,1.26086,4.03478,-20.5865,1254.37,-102.799,37533.1,27337,-0.93336,-0.430954,2.00651,1.39049,4.16441,0.676218,1283.24,-100.66,37561.9,0.0281373,1.15912,-0.00496105,45606.3 
297,44.833,0.52,0.29,0.17,1.35,297,35153.8,-0.220008,58.5034,13.7138,78.7438,-0.261304,463.994,278.316,-2.4178,-0.440983,4.1716,2.74641,4.16542,20.7329,503.362,-108.936,36181.2,30064.5,-2.54835,-0.571533,3.9105,2.61586,4.03487,0.47449,474.282,-111.09,36152.1,0.0109956,1.69463,-0.00569276,43133.7 
298,44.833,0.52,0.29,0.17,1.35,298,33970.5,-0.276541,56.4819,13.8015,79.0129,2.70248,-7802.95,500,0.411901,-1.41462,5.89254,2.04034,0.076928,14.9122,461.292,-97.1662,35179.1,711837,0.318002,-1.50851,5.70474,1.94644,-0.0169704,0.114679,440.376,-98.7156,35158.2,0.0105034,1.6455,-0.00519907,41927 
299,44.833,0.52,0.29,0.17,1.35,299,37478.1,-0.393634,61.9135,13.8694,78.8935,-0.483894,138.05,44.7657,-0.184433,2.11655,0.966911,-0.429104,5.51499,60.6015,806.168,-105.301,38259.3,30128.3,-0.566025,1.73495,0.203728,-0.810695,5.1334,0.964229,721.168,-111.597,38174.3,0.0157574,1.37137,-0.0054143,45766.9 
300,44.833,0.52,0.29,0.17,1.35,300,38816.4,-0.135714,62.5497,14.1147,78.8026,0.172815,-100.254,500,-1.1695,-0.38483,4.47551,1.9717,0.510934,30.9431,1575.51,-78.916,38675.2,29304.4,-1.36434,-0.57967,4.08583,1.77686,0.316093,0.0351718,1532.11,-82.1308,38631.8,0.0325168,1.10352,-0.0039317,47117.6 
