cyc,freq,Charge Time,Wiggle Time,Pulse Time,VVA,cyc,ROIsum,fBg,fA1,fWidth1,fCtr1,fA2,fWidth2,fCtr2,box1,box2,box3,box4,box5,box6,box7,box8,box9,Nfit,BZ-2,BZ-1,BZ0,BZ1,BZ2,Excited,c5,c7,c9,fraction95,fraction75,fraction97,sum95
0,44.839,0.75,0.11,0.12,1.4,0,36164,-0.479377,56.6753,14.8195,78.7761,-0.373128,251.486,474.897,0.587571,1.76488,5.7733,2.23526,-1.97063,-23.7069,1879.6,-84.777,35700.6,30396.2,0.736847,1.91415,6.07185,2.38454,-1.82135,0.346131,1912.85,-82.314,35733.8,0.0433961,1.08144,-0.00426143,44078.8 
1,44.8,0.67,0.19,0.12,1.4,1,35664.9,0.0526737,57.0567,14.264,78.9045,-0.0112531,-18.8846,7.09364e-11,-0.623686,1.45043,-1.29179,2.67931,1.86956,-8.76615,373.168,-114.548,36823.1,26500.7,-0.568488,1.50562,-1.18139,2.73451,1.92476,1.26759,385.463,-113.637,36835.4,0.00879026,2.06573,-0.00571536,43851.2 
2,44.818,0.47,0.39,0.12,1.4,2,35637.3,-0.429704,60.4375,13.6145,78.7598,-0.234177,108.012,361.187,1.69403,-1.15984,3.24864,-1.17034,2.56146,12.2861,6318.23,-16.3868,30752.4,27609.1,1.61667,-1.2372,3.09391,-1.2477,2.4841,0.343088,6301,-17.6633,30735.1,0.14802,1.00493,-0.00105977,42568.5 
3,44.824,0.71,0.15,0.12,1.4,3,35811.3,-0.461919,60.5429,13.7136,78.8519,2.36748,-12206.6,486.224,1.91917,3.196,-0.654765,2.60128,3.21044,-31.6457,4609.33,-52.4623,32888.3,967778,2.11843,3.39526,-0.256236,2.80055,3.40971,1.02234,4653.72,-49.1745,32932.6,0.106947,1.01884,-0.00275819,43514.2 
4,44.809,0.75,0.11,0.12,1.4,4,34671.2,0.0145093,58.7062,13.4611,78.7319,-0.0218918,-16.2097,500,0.369231,-0.257433,7.06978,4.33983,4.82935,-30.2019,4246.69,-50.8955,32108.2,25736.8,0.559405,-0.0672591,7.45013,4.53,5.01952,0.574079,4289.05,-47.7576,32150.5,0.101572,1.01987,-0.00274384,42226.7 
5,44.83,0.67,0.19,0.12,1.4,5,36762.2,-0.157321,62.6356,13.3544,78.9061,0.150624,-230.107,500,3.08253,-1.71051,-1.20544,4.07756,-1.79169,-29.3962,12216.5,85.2428,25992.5,28357.9,3.26763,-1.52541,-0.835242,4.26266,-1.60659,1.23442,12257.7,88.2969,26033.7,0.285212,0.987551,0.00620896,42977.5 
6,44.839,0.59,0.27,0.12,1.4,6,31234,-0.0242371,52.0528,13.7207,78.6478,0.301485,-104.427,499.999,-0.180927,0.131191,-1.15772,0.823233,3.55898,-7.19442,1333.07,-64.9169,31601.4,24274.6,-0.135626,0.176493,-1.06712,0.868535,3.60428,1.30962,1343.17,-64.1694,31611.5,0.0347568,1.09123,-0.0037534,38644.7 
7,44.803,0.51,0.35,0.12,1.4,7,35249,-0.444649,57.5078,14.1865,78.6721,-0.651523,905.344,473.223,-0.0693418,-0.750577,3.00722,0.779336,2.63686,-20.9291,660.346,-115.679,36008.5,45759.8,0.0624433,-0.618792,3.27079,0.911122,2.76864,0.488476,689.701,-113.505,36037.8,0.01596,1.40449,-0.00583576,43214.3 
8,44.833,0.71,0.15,0.12,1.4,8,32886.6,-0.440452,56.1726,13.6062,78.6579,0.659893,-77.1103,462.907,-1.61582,2.62349,1.99035,1.82749,-0.91341,30.4349,2680.25,-68.3833,31911,26536.8,-1.80746,2.43185,1.60707,1.63585,-1.10505,0.418204,2637.56,-71.5454,31868.3,0.0655422,1.04984,-0.00415276,40242.2 
9,44.815,0.67,0.19,0.12,1.4,9,35902.8,-0.419841,59.2591,13.9636,78.5185,-0.126428,251.791,380.983,0.479149,0.507521,5.29122,2.65862,4.40291,-68.0931,5127.94,-17.4665,32209.6,27973.3,0.907913,0.936285,6.14875,3.08739,4.83168,0.613578,5223.45,-10.3919,32305.1,0.120513,1.00349,-0.000592921,43343.5 
10,44.8,0.55,0.31,0.12,1.4,10,34594.8,-0.479705,57.364,14.048,78.7521,-0.538614,1088.61,472.033,1.99558,-0.010781,5.99514,1.20261,2.41532,14.6024,345.421,-104.126,35881,45320.5,1.90364,-0.102728,5.81125,1.11066,2.32337,0.473914,324.94,-105.643,35860.5,0.00762048,2.31994,-0.00545636,42640.3 
11,44.836,0.67,0.19,0.12,1.4,11,32171.2,-0.0435545,54.8807,13.4653,79.001,-0.0770587,19.2154,500,3.88922,1.35972,5.52677,-0.772635,-0.30518,-8.65008,4925.72,0.0709627,28998.2,24104.6,3.94369,1.41419,5.6357,-0.718168,-0.250713,0.437818,4937.85,0.969673,29010.3,0.126062,0.999656,6.15687e-05,39170 
12,44.836,0.47,0.39,0.12,1.4,12,34372.9,-0.160388,57.1616,13.7789,78.5575,-0.224891,483.23,1.00018e-05,1.84778,2.03057,3.39223,4.73591,4.56644,-39.1921,4649.76,-15.6318,31196.8,29177.4,2.09456,2.27735,3.88579,4.98269,4.81323,0.784764,4704.73,-11.5599,31251.8,0.113144,1.00432,-0.000681849,41581.8 
13,44.803,0.71,0.15,0.12,1.4,13,34492.8,-0.493675,56.8942,14.1529,78.4997,-0.31961,413.112,264.637,1.40054,1.18951,3.16379,4.9881,2.20016,-28.6008,558.384,-125.741,35497.2,30510.7,1.58063,1.3696,3.52397,5.16819,2.38026,0.748694,598.5,-122.769,35537.3,0.0140716,1.56,-0.0064046,42532.5 
14,44.809,0.59,0.27,0.12,1.4,14,31675.7,-0.0576306,54.8357,13.2282,78.5599,0.104126,-30.7076,491.383,-0.380231,-0.74861,6.67408,3.68378,3.10917,16.6253,3896.98,-27.3874,29390.8,23717.5,-0.484916,-0.853295,6.46471,3.57909,3.00448,0.447936,3873.67,-29.1147,29367.5,0.100543,1.01333,-0.00182959,38527.3 
15,44.821,0.75,0.11,0.12,1.4,15,35155.5,-0.360074,62.0062,13.0393,78.9933,0.565215,-1326.37,497.544,-2.01537,-0.21088,3.49708,0.945043,1.15272,-30.3683,11351.2,81.7593,25357.8,50724.5,-1.82415,-0.0196585,3.87952,1.13626,1.34394,0.140923,11393.8,84.9145,25400.4,0.275436,0.987126,0.00612052,41366.3 
16,44.803,0.59,0.27,0.12,1.4,16,33568.8,-0.177111,55.4096,13.9146,78.73,-0.117136,104.771,500,0.0763225,0.880816,3.64019,3.47508,0.642935,31.8595,199.918,-120.41,34957.1,25498.1,-0.124288,0.680206,3.23897,3.27447,0.442325,0.568809,155.232,-123.72,34912.4,0.00375392,-2.53321,-0.00657081,41351.9 
17,44.839,0.51,0.35,0.12,1.4,17,35699.2,-0.0383622,58.7263,13.843,78.8204,-0.0246533,22.5948,1.64512e-12,-1.19433,-2.69069,-2.16463,0.833229,1.58919,18.9588,3568.18,-53.3355,33526.5,26482.3,-1.31371,-2.81007,-2.40339,0.71385,1.46981,0.446672,3541.58,-55.3052,33499.9,0.0822258,1.0281,-0.00305042,43071.5 
18,44.827,0.51,0.35,0.12,1.4,18,36764.8,-0.410677,64.0899,13.1871,78.8389,-0.0688579,191.28,83.2683,-1.68762,6.33471,5.03879,1.80603,-1.23563,-41.5134,12777.9,65.2499,25505.3,27941.5,-1.42622,6.5961,5.56159,2.06743,-0.974229,0.529663,12836.2,69.563,25563.5,0.298508,0.990605,0.00498771,43001.1 
19,44.83,0.63,0.23,0.12,1.4,19,38247.5,-0.110883,64.6334,13.4683,78.7337,0.186552,-51.6439,500,0.923361,-2.01924,1.68352,1.70386,2.08721,-18.6257,12648.5,57.4641,26960.5,28651.3,1.04064,-1.90196,1.91808,1.82114,2.20449,0.622603,12674.6,59.3992,26986.6,0.284703,0.991865,0.00403822,44518.8 
20,44.818,0.55,0.31,0.12,1.4,20,36733.8,-0.443459,65.1176,13.0257,78.7913,-0.531712,633.51,227.656,-2.11595,0.614062,2.86268,1.76028,0.294917,-46.1242,15016.9,189.339,23244.8,38577.2,-1.82552,0.904494,3.44354,2.05071,0.585349,0.332463,15081.6,194.131,23309.5,0.354138,0.97797,0.01511,42586.8 
21,44.815,0.51,0.35,0.12,1.4,21,35312.7,-0.00221259,59.0133,13.6251,78.7193,-0.0336995,0.679759,500,0.751719,1.84679,-0.255937,8.14875,3.81028,-42.0552,5856.8,-0.438861,31007.4,26175.7,1.01653,2.1116,0.273684,8.41356,4.07509,0.982777,5915.79,3.93052,31066.4,0.138953,0.998839,0.000233009,42574.1 
22,44.818,0.63,0.23,0.12,1.4,22,36088.5,-0.443692,60.9409,13.6889,78.5085,-0.456495,1363.66,114.142,0.61263,-0.460647,4.68516,-3.4358,4.45086,-28.0591,6283.8,-26.9013,31254.9,47420.9,0.789311,-0.283966,5.03852,-3.25912,4.62754,0.271078,6323.16,-23.986,31294.2,0.146199,1.00668,-0.00141391,43250.3 
23,44.824,0.59,0.27,0.12,1.4,23,31868.9,-0.426616,55.0592,13.4513,78.5882,-0.0837609,-17.6324,16.8827,0.601551,-0.165436,3.85021,3.86076,3.72428,-27.8059,2803.65,-50.8134,30671.4,24157.7,0.776637,0.00965035,4.20038,4.03585,3.89936,0.67494,2842.65,-47.9245,30710.4,0.0727376,1.0304,-0.00288295,39080.9 
24,44.833,0.63,0.23,0.12,1.4,24,36257.6,0.0544835,60.8162,13.5253,78.8518,-0.023448,-19.1456,1.30378e-11,0.737748,0.57359,4.15258,1.33461,-0.444903,8.45594,8010.98,33.6265,29757.5,26791.6,0.684503,0.520345,4.04609,1.28137,-0.498147,0.329469,7999.12,32.748,29745.6,0.185599,0.992887,0.00202394,43098.9 
25,44.821,0.47,0.39,0.12,1.4,25,33882.7,0.00848449,55.9531,13.9262,78.9157,-0.0245888,21.5143,0.0501627,-0.258547,2.09555,5.71574,2.95297,4.56565,-9.08834,1478.27,-104.858,34069.1,25383.1,-0.201321,2.15278,5.83019,3.01019,4.62287,0.621777,1491.02,-103.914,34081.8,0.0357493,1.1389,-0.00564823,41707.6 
26,44.8,0.75,0.11,0.12,1.4,26,32457.3,-0.0386613,54.5544,13.703,78.6002,-0.0280256,25.6305,500,-0.147928,4.77752,-4.05539,1.1,2.92533,44.8912,287.036,-117.777,33887.2,24358.9,-0.430597,4.49486,-4.62072,0.817328,2.64267,2.59142,224.072,-122.441,33824.3,0.00558271,22.8635,-0.00671302,40136.7 
27,44.824,0.47,0.39,0.12,1.4,27,35495.5,-0.463181,59.6674,13.7765,78.5793,-0.601096,1304.99,186.273,1.34204,0.522613,7.70286,1.33228,0.989881,-11.6711,4436.8,-6.09106,32595.5,52294.8,1.41553,0.596103,7.84984,1.40577,1.06337,0.363386,4453.17,-4.87848,32611.9,0.103718,1.00192,-0.00027564,42935.2 
28,44.83,0.51,0.35,0.12,1.4,28,36401.7,-0.0509029,61.6182,13.405,78.8528,-0.000458131,-83.1572,499.99,-0.309358,1.38149,1.09163,-0.512049,2.75041,5.28426,11023.2,71.3357,26695,26890,-0.342631,1.34822,1.02508,-0.545322,2.71714,0.756077,11015.8,70.7867,26687.6,0.259151,0.98888,0.00486227,42507.1 
29,44.842,0.71,0.15,0.12,1.4,29,33674.1,-0.464289,55.8693,14.0346,78.5313,-0.501443,1208.65,372.23,-0.398059,1.40062,1.74426,1.17755,-0.647767,-45.0247,1245.59,-102.159,33905.6,45254.8,-0.114551,1.68412,2.31127,1.46106,-0.364259,0.535669,1308.75,-97.4814,33968.8,0.0316184,1.14989,-0.00531445,41391.9 
30,44.8,0.71,0.15,0.12,1.4,30,33990.9,-0.460184,56.4274,14.0095,78.7183,-0.695375,321.615,436.817,1.39079,0.905483,3.84293,1.79003,1.26257,33.561,517.471,-109.901,35063.6,33014.3,1.17947,0.694158,3.42028,1.5787,1.05125,0.568357,470.398,-113.388,35016.5,0.0112563,1.7296,-0.00600078,41789.9 
31,44.83,0.47,0.39,0.12,1.4,31,36667,-0.391365,63.7795,13.1836,78.9348,-0.00344339,-158.656,297.675,1.6051,2.46593,2.76417,4.052,0.830343,-19.3123,14864.4,137.388,23192.2,27390,1.7267,2.58754,3.00738,4.17361,0.951948,0.758389,14891.5,139.395,23219.3,0.352126,0.983883,0.010938,42290.2 
32,44.812,0.71,0.15,0.12,1.4,32,34204.9,-0.445545,59.3577,13.3672,78.7861,-0.488762,811.998,37.7622,1.44641,2.56745,1.65379,5.83807,0.681147,12.359,6362.43,21.6841,29442.5,38748.9,1.36859,2.48962,1.49815,5.76024,0.603326,0.872171,6345.09,20.4001,29425.2,0.154507,0.994405,0.00127548,41066.8 
33,44.83,0.71,0.15,0.12,1.4,33,36372.7,-0.432963,60.7559,13.8121,78.6769,-0.284775,268.841,135.851,-0.684043,2.4699,5.05634,2.05243,-0.540206,-1.876,6451.6,-16.1192,31278,29810,-0.672231,2.48171,5.07997,2.06424,-0.528393,0.397058,6454.23,-15.9243,31280.6,0.148834,1.00434,-0.000938654,43365.4 
34,44.836,0.55,0.31,0.12,1.4,34,32170,-0.144054,54.9473,13.5966,78.8992,0.173847,41.7565,359.594,0.329323,-0.19584,5.02493,1.09615,-0.931763,6.57985,661.16,-102.243,33102.8,24556.7,0.287891,-0.237271,4.94206,1.05472,-0.973194,0.0260428,651.931,-102.927,33093.6,0.0164205,1.38177,-0.00576227,39702.4 
35,44.812,0.51,0.35,0.12,1.4,35,35025.3,-0.424036,57.6522,14.0305,78.7751,-0.125651,-184.817,6.19085,-1.89244,0.379543,5.82271,2.51937,-0.414048,7.62093,1914.56,-68.8772,34557.1,27088,-1.94042,0.331556,5.72674,2.47139,-0.462035,0.0653615,1903.87,-69.669,34546.4,0.0446199,1.06842,-0.00372879,42668.6 
36,44.8,0.47,0.39,0.12,1.4,36,33943.3,-0.147742,54.911,14.171,78.6042,-0.349088,413.135,5.01187e-08,0.946524,0.12754,0.314271,2.6955,-1.09537,-32.0452,418.07,-99.0232,34921.4,30026.1,1.1483,0.329321,0.717831,2.89728,-0.893594,0.829053,463.017,-95.6938,34966.4,0.0110973,1.56661,-0.0050669,41723.4 
37,44.842,0.51,0.35,0.12,1.4,37,34702.2,-0.46213,56.8676,14.1765,78.6081,-0.267048,355.566,34.7893,-0.103141,1.01255,0.046213,-2.5884,1.14106,-2.81503,1241.01,-122.717,34990.5,29335.1,-0.0854151,1.03027,0.0816639,-2.57067,1.15878,1.21191,1244.96,-122.424,34994.5,0.0292666,1.20786,-0.00648621,42538.4 
38,44.809,0.51,0.35,0.12,1.4,38,35865.4,-0.0310633,58.5072,14.0128,78.4813,-0.0553798,91.9021,500,-0.44481,0.0723068,-1.97165,-2.18453,-1.01566,-18.7686,1105.38,-101.595,36344.9,26854.5,-0.326629,0.190488,-1.73529,-2.06635,-0.897483,0.641118,1131.71,-99.6451,36371.3,0.0256916,1.18215,-0.00507235,44049.8 
39,44.836,0.51,0.35,0.12,1.4,39,35794.3,-0.15151,60.7847,13.4662,78.868,-0.128383,367.16,500,-2.45938,-0.015463,3.08404,-0.345178,-0.703972,-2.50173,6686.9,-3.3927,30748.4,28180.6,-2.44363,0.000289762,3.11555,-0.329426,-0.688219,10.0192,6690.41,-3.13278,30751.9,0.155672,1.00082,-0.000187695,42977.7 
40,44.818,0.59,0.27,0.12,1.4,40,36609.5,-0.384489,63.6356,13.1707,79.1372,-0.30893,-625.899,476.048,-0.882076,0.384075,4.60447,0.926943,2.85815,13.5042,13790.1,118.09,24210.4,33578.2,-0.967108,0.299043,4.4344,0.841911,2.77312,0.399244,13771.2,116.687,24191.4,0.325429,0.985388,0.00880712,42317.1 
41,44.812,0.75,0.11,0.12,1.4,41,33835.4,-0.404069,58.8419,13.2691,78.8374,0.106311,151.661,403.933,-0.438096,1.95756,0.0158268,0.192185,-0.871198,27.393,5457.6,-25.6907,29932.3,25941.7,-0.610582,1.78507,-0.329146,0.0196983,-1.04368,-0.842524,5419.18,-28.5368,29893.9,0.133169,1.0093,-0.00176158,40693.9 
42,44.83,0.59,0.27,0.12,1.4,42,35071.7,-0.428829,60.0147,13.504,79.0889,-2.08063,4083.44,62.4128,-1.39462,-0.119402,-0.576117,2.13917,0.395495,-31.3871,6037.14,-21.372,30548.7,302960,-1.19698,0.0782342,-0.180845,2.33681,0.593131,1.11092,6081.16,-18.111,30592.7,0.14417,1.00524,-0.00109172,42180.6 
43,44.83,0.55,0.31,0.12,1.4,43,36200.8,-0.451354,60.3538,13.8768,78.8555,-0.888556,775.366,317.647,1.36569,-2.58669,-1.8457,-1.1254,0.869113,-0.767747,5909.78,-0.565651,31764.9,49691.8,1.37053,-2.58185,-1.83603,-1.12057,0.873948,0.44261,5910.86,-0.485885,31766,0.136211,1.00014,-2.81772e-05,43394.7 
44,44.806,0.67,0.19,0.12,1.4,44,33145.6,-0.102207,55.6642,13.6952,78.7028,0.00831026,-206.442,14.3213,-1.4017,0.460712,1.972,2.36533,-0.348533,-33.9182,1245.73,-82.3715,33419.7,24872.3,-1.18813,0.674286,2.39915,2.57891,-0.134959,0.445828,1293.31,-78.8476,33467.2,0.0317106,1.11943,-0.00435885,40784.6 
45,44.836,0.71,0.15,0.12,1.4,45,33235,-0.198314,55.9439,13.7388,78.7618,-0.233121,510.585,500,-0.748128,0.645577,2.64185,1.29711,-1.04001,-6.08433,960.268,-116.572,33925.2,28895.3,-0.709816,0.683888,2.71848,1.33542,-1.0017,0.101706,968.801,-115.94,33933.7,0.0236232,1.26491,-0.00633373,41010.6 
46,44.821,0.55,0.31,0.12,1.4,46,36455.5,-0.420634,62.149,13.509,78.8093,-0.166395,109.136,61.0978,-0.909783,0.797486,1.30743,-0.253314,-0.526745,-18.6682,6933.45,4.1715,30984,27921.9,-0.792234,0.915035,1.54253,-0.135765,-0.409196,-0.376805,6959.63,6.11106,31010.2,0.159802,0.998466,0.000362884,43551.7 
47,44.818,0.51,0.35,0.12,1.4,47,35426.7,-0.451681,59.0435,13.9006,78.8999,-0.134561,174.284,3.4596,-0.962678,0.454163,8.85304,0.297608,-0.18453,13.7585,5530.72,-14.1509,31285,27481.3,-1.04931,0.36753,8.67977,0.210974,-0.271164,-0.0934732,5511.42,-15.5803,31265.7,0.129971,1.00497,-0.000918801,42405 
48,44.824,0.67,0.19,0.12,1.4,48,34275.3,-0.10418,59.6851,13.1544,78.8256,-0.0561684,7.04052,500,-2.78028,4.13965,0.497464,1.36635,2.78894,17.4491,5856.22,-11.8683,30065.2,25571.2,-2.89015,4.02978,0.27772,1.25648,2.67907,0.948118,5831.75,-13.6812,30040.8,0.141273,1.00412,-0.000839639,41279.8 
49,44.815,0.47,0.39,0.12,1.4,49,33791.7,-0.00828436,57.4739,13.4516,78.7122,-0.0536175,66.2405,499.989,-1.87006,-2.03063,-1.12109,0.489957,3.67489,-0.948809,4418.71,-48.2221,30992.9,25283.1,-1.86408,-2.02466,-1.10914,0.495931,3.68087,-0.350826,4420.04,-48.1235,30994.2,0.107824,1.01942,-0.00286837,40993.2 
50,44.803,0.63,0.23,0.12,1.4,50,31957.5,-0.105675,54.4925,13.5324,78.7349,5.72506,-3635.77,499.967,0.272115,-1.0917,1.99465,2.59659,1.074,-43.7776,684.831,-102.03,33013.5,701601,0.547771,-0.816045,2.54596,2.87225,1.34966,0.608289,746.233,-97.4819,33074.9,0.0187615,1.29635,-0.00545889,39774.6 
51,44.827,0.67,0.19,0.12,1.4,51,33133.1,-0.409554,60.3206,12.7012,79.1308,0.0993716,-318.242,333.455,0.833281,3.06958,2.84592,3.29737,3.24492,-32.9998,12441.3,107.513,22325.3,25970,1.04107,3.27737,3.2615,3.50516,3.45271,0.775654,12487.6,110.941,22371.6,0.321133,0.984691,0.00905238,38886.1 
52,44.818,0.67,0.19,0.12,1.4,52,35675.2,-0.467489,61.0539,13.5607,78.731,-0.103816,404.345,104.176,2.90264,2.55072,2.23394,0.559798,2.30903,6.68376,6037.39,-16.797,31253.9,28318.5,2.86055,2.50864,2.14976,0.517712,2.26694,0.791358,6028.01,-17.4914,31244.6,0.140524,1.0051,-0.00103232,42896.6 
53,44.821,0.67,0.19,0.12,1.4,53,33863,-0.172225,57.22,13.7014,78.6982,-0.164927,207.197,499.999,2.53383,6.51723,3.70235,2.9408,4.88978,-41.3489,2253.09,-70.6808,33306.4,26634.1,2.79419,6.77759,4.22308,3.20116,5.15014,0.809309,2311.09,-66.3848,33364.4,0.055447,1.05293,-0.00367871,41681 
54,44.827,0.47,0.39,0.12,1.4,54,33718.6,-0.44139,60.4414,12.9461,78.907,-1.61282,-5314.24,30.1243,0.685716,-0.109515,3.66182,1.6553,0.728936,-72.2921,11908.4,88.8481,23535.9,304484,1.14092,0.345689,4.57223,2.1105,1.18414,0.511173,12009.8,96.3589,23637.3,0.300984,0.986154,0.0074535,39901.8 
55,44.827,0.75,0.11,0.12,1.4,55,34405.1,-0.0662133,58.8497,13.4644,78.8469,-0.00689187,-12.3586,500,-0.410498,2.59722,6.76806,-2.54523,0.496456,-38.987,3592.7,-43.2859,32567.7,25797.3,-0.165007,2.84271,7.25904,-2.29974,0.741947,0.133658,3647.39,-39.2353,32622.4,0.0865502,1.01919,-0.00222044,42141.8 
56,44.806,0.51,0.35,0.12,1.4,56,33460.8,-0.475885,56.0702,13.9252,78.6517,-0.412584,732.34,354.554,0.12814,1.65509,9.72001,2.62908,3.44816,-1.40761,1593.78,-75.9161,33512.9,35253.2,0.137004,1.66396,9.73774,2.63794,3.45702,0.447775,1595.75,-75.7699,33514.9,0.0387853,1.09062,-0.00418202,41143.3 
57,44.827,0.63,0.23,0.12,1.4,57,37064.4,-0.0431103,64.2729,13.1096,78.9552,0.228292,606.436,499.928,1.50214,-0.884288,3.04021,1.4421,4.0177,-0.76716,13072.9,120.551,25430.7,31936,1.50697,-0.879457,3.04987,1.44693,4.02253,0.666566,13073.9,120.63,25431.7,0.303457,0.98411,0.00866197,43083.4 
58,44.812,0.67,0.19,0.12,1.4,58,35419.2,-0.0434979,56.5883,14.2677,78.568,-0.0363228,10.6265,500,2.24435,1.45929,2.95377,-0.236775,5.4522,-14.9913,1151.23,-108.866,35588.3,26295.6,2.33875,1.55369,3.14256,-0.142379,5.5466,0.747367,1172.26,-107.309,35609.3,0.0271411,1.19075,-0.00558217,43191.3 
59,44.812,0.59,0.27,0.12,1.4,59,34184.6,-0.444248,59.9287,13.231,78.8271,0.65335,-1682.43,82.992,-0.786347,1.28792,5.07495,3.81354,5.93314,54.9747,6099.63,-20.0868,29818.6,61595.3,-1.13251,0.941761,4.38263,3.46738,5.58698,0.669142,6022.52,-25.7985,29741.5,0.146471,1.00755,-0.00160044,41117.5 
60,44.821,0.51,0.35,0.12,1.4,60,35040.6,-0.0405699,56.9997,13.9872,78.6617,-0.0389342,11.6813,386.52,-1.35387,-0.367252,2.56963,2.7779,0.365307,9.66024,3642,-30.0456,32851,25968.5,-1.4147,-0.42808,2.44798,2.71707,0.304479,0.325022,3628.45,-31.0492,32837.5,0.0856238,1.0152,-0.00174483,42376.6 
61,44.812,0.55,0.31,0.12,1.4,61,33561.2,-0.075789,57.8746,13.2446,78.6522,-0.0589589,79.2422,500,2.21683,3.91893,6.94117,3.52041,2.76033,-28.0267,6705.85,9.55658,28462.9,25105.1,2.39331,4.09541,7.29412,3.69689,2.93681,0.642735,6745.16,12.4684,28502.3,0.167051,0.996776,0.000805189,40377.8 
62,44.827,0.59,0.27,0.12,1.4,62,33814.7,-0.0147102,57.689,13.3401,78.7883,-0.0430769,41.3839,500,-0.0158833,1.51872,4.96017,1.12248,3.02015,10.5612,4396.32,-24.262,30971.2,25110.3,-0.0823841,1.45222,4.82717,1.05598,2.95365,0.527056,4381.5,-25.3592,30956.4,0.107101,1.01023,-0.00151132,40910.1 
63,44.821,0.71,0.15,0.12,1.4,63,33218.8,-0.0417057,60.5018,12.5804,79.0468,0.0130449,-40.2728,0.789767,-0.689479,1.66779,-1.26469,2.83517,3.85167,-18.7528,11087.2,101.496,23824.3,24794.6,-0.571397,1.78587,-1.02852,2.95325,3.96975,1.14468,11113.6,103.444,23850.6,0.283096,0.983972,0.00792621,39257.2 
64,44.842,0.55,0.31,0.12,1.4,64,34325.2,-0.29968,55.9983,14.119,78.7512,0.177294,-469.881,0.597808,0.6032,2.65503,2.80897,1.06329,3.92929,-21.2962,957.81,-78.5225,34817,28449.9,0.737296,2.78913,3.07717,1.19739,4.06339,0.740638,987.68,-76.3099,34846.9,0.0234565,1.15635,-0.0040503,42107 
65,44.812,0.63,0.23,0.12,1.4,65,33098.4,-0.0541004,55.5849,13.5737,78.7171,-0.0664568,75.6046,499.039,-0.282268,3.26482,3.97746,0.801223,1.96706,11.5008,1898.6,-93.2337,32739.7,24724.8,-0.354686,3.19241,3.83262,0.728805,1.89465,0.587615,1882.47,-94.4286,32723.5,0.046485,1.09623,-0.00534407,40496.2 
66,44.818,0.71,0.15,0.12,1.4,66,37782,-0.414533,65.3739,13.2728,78.9827,-0.50298,592.415,0.695605,3.23015,1.21343,2.68217,1.58454,0.515571,17.6744,13397.7,105.65,25851.8,37946.2,3.11886,1.10214,2.45958,1.47325,0.40428,0.712602,13372.9,103.814,25827,0.304978,0.986597,0.00735009,43848.7 
67,44.842,0.63,0.23,0.12,1.4,67,32769.1,-0.0900238,55.4328,13.5936,79.0126,1.44609,7109.3,499.945,-0.377624,-0.673819,-0.639364,-0.673284,-0.38442,32.4385,670.596,-90.718,33751.7,359200,-0.581881,-0.878076,-1.04788,-0.87754,-0.588677,0.73632,625.097,-94.0882,33706.2,0.0154733,1.3576,-0.00516867,40398.4 
68,44.806,0.63,0.23,0.12,1.4,68,33328.5,-0.012158,56.0094,13.585,78.8218,-0.0277673,-0.995126,500,-0.869249,2.72568,2.40438,0.460635,2.01229,-20.8338,1686.75,-86.5669,33302.3,24770.4,-0.738064,2.85687,2.66675,0.59182,2.14348,0.645419,1715.97,-84.4023,33331.5,0.0418047,1.09418,-0.00468645,41047.2 
69,44.839,0.67,0.19,0.12,1.4,69,34852.3,-0.189102,58.6543,13.6773,78.7036,-0.248321,697.674,2.11173e-05,0.257081,1.88789,5.20778,-2.50363,-0.484443,1.31326,4050.14,-54.4019,32425.7,31755.2,0.248811,1.87962,5.19124,-2.5119,-0.492712,-0.203051,4048.3,-54.5384,32423.8,0.0956855,1.02415,-0.00310814,42308.4 
70,44.824,0.51,0.35,0.12,1.4,70,35538.8,-0.283806,60.2709,13.5683,78.6828,-0.271905,1014.97,500,-0.946391,0.156457,2.84328,-0.0245349,1.13998,-12.6652,6833.48,-10.0644,30176.6,35605.1,-0.866642,0.236206,3.00278,0.0552142,1.21973,0.176709,6851.24,-8.74851,30194.4,0.161279,1.00224,-0.000534015,42480.6 
71,44.809,0.71,0.15,0.12,1.4,71,33425,-0.427978,57.5803,13.4521,78.7847,0.0524231,-135.923,474.805,0.428495,3.93527,4.58538,2.96066,1.57205,30.2429,4942.1,-22.018,30055.8,25446.9,0.238064,3.74484,4.20452,2.77022,1.38162,0.659257,4899.68,-25.1602,30013.4,0.121533,1.00907,-0.00154662,40315.5 
72,44.806,0.75,0.11,0.12,1.4,72,30342,-0.382477,52.2944,13.4326,78.7787,0.382753,238.08,149.199,1.09657,-0.859258,4.50097,-2.47346,1.99478,28.7138,1237.64,-68.2378,30617.1,25833.5,0.915766,-1.04006,4.13937,-2.65426,1.81397,-0.303827,1197.37,-71.221,30576.8,0.0321199,1.11619,-0.00430921,37278 
73,44.809,0.55,0.31,0.12,1.4,73,35741.9,-0.401481,59.4435,13.8265,78.7835,0.0204804,96.765,285.253,0.531762,1.4055,2.00763,3.02688,0.828681,73.1984,4567.4,-42.2682,32622.2,26819.9,0.0708507,0.944592,1.08581,2.56597,0.36777,0.784347,4464.73,-49.8732,32519.5,0.104224,1.01994,-0.00283313,42837.8 
74,44.821,0.63,0.23,0.12,1.4,74,34322.5,-0.413429,57.505,13.7801,78.9186,-0.661982,1392,493.912,-0.994947,1.08631,1.16356,-2.30268,0.361795,23.1846,2862.11,-79.4011,32813.2,55793.1,-1.14093,0.940324,0.871583,-2.44867,0.215808,1.55803,2829.59,-81.8099,32780.7,0.068165,1.05329,-0.00461852,41510.8 
75,44.806,0.71,0.15,0.12,1.4,75,32110.4,-0.0118655,55.0512,13.2836,78.9465,-0.0859645,26.2382,499.999,-0.0870529,-0.950782,4.77016,1.30647,3.38006,34.7969,1272.78,-82.5465,32379.6,23879,-0.306159,-1.16989,4.33195,1.08736,3.16095,0.390229,1223.97,-86.1618,32330.8,0.0310855,1.1405,-0.00493344,39374.3 
76,44.806,0.59,0.27,0.12,1.4,76,34532.3,-0.0559663,57.2504,13.769,78.8967,-0.0881783,83.0617,500,3.43839,0.544158,9.26255,1.40076,0.663722,45.1524,1792.93,-81.9844,34250,25899.7,3.15408,0.259845,8.69393,1.11644,0.379409,0.360915,1729.6,-86.6755,34186.6,0.0411125,1.09613,-0.00469232,42069.8 
77,44.815,0.71,0.15,0.12,1.4,77,35311.7,-0.0260123,60.8394,13.2268,78.9599,-0.177713,468.349,500,0.847,0.734694,3.22176,3.09355,-0.802245,44.372,8466.68,55.8151,28366.9,28905.4,0.567601,0.455295,2.66297,2.81416,-1.08164,0.508531,8404.44,51.205,28304.7,0.201044,0.98945,0.00332142,41804 
78,44.839,0.55,0.31,0.12,1.4,78,32359.8,-0.451161,55.1863,13.664,78.8159,0.198844,130.766,241.618,1.48456,1.45234,0.497796,2.60919,-0.661909,-7.6214,1375.92,-81.0312,32664.9,25393.8,1.53255,1.50033,0.593776,2.65717,-0.613919,0.895276,1386.61,-80.2394,32675.6,0.034714,1.11268,-0.0045441,39943.8 
79,44.803,0.47,0.39,0.12,1.4,79,32690.8,0.00390652,54.101,13.778,78.5811,-0.000877292,7.37277,3.16524e-12,-1.86286,1.71567,3.93855,2.07921,0.294821,2.99689,284.408,-92.8481,33952.6,24265.6,-1.88174,1.6968,3.90081,2.06034,0.27595,0.355468,280.204,-93.1595,33948.4,0.00694618,2.39133,-0.00508069,40339.3 
80,44.815,0.63,0.23,0.12,1.4,80,32721.1,-0.390165,55.115,13.6986,78.6026,-0.105509,17.2028,361.754,-1.19589,-0.406801,1.65427,4.05886,1.60656,15.863,5187.55,18.0862,28865.3,24636.8,-1.29578,-0.506686,1.4545,3.95898,1.50668,0.71579,5165.3,16.4381,28843,0.131768,0.994462,0.00104875,39200.1 
81,44.803,0.67,0.19,0.12,1.4,81,33503.2,-0.481073,55.5416,14.0849,78.9354,-0.37052,802.672,248.472,1.23468,1.19786,1.69647,-0.359311,0.541989,46.712,368.671,-125.093,34796.5,35147.9,0.940546,0.903727,1.10821,-0.653444,0.247856,0.564878,303.153,-129.946,34731,0.00734281,4.00216,-0.00694008,41285.8 
82,44.809,0.47,0.39,0.12,1.4,82,34282.6,-0.444707,57.1842,13.9042,78.668,-0.757588,108.506,2.64043,-0.860508,0.832354,2.68014,-2.06783,0.999253,47.3516,967.245,-111.243,34814.4,28559.1,-1.15867,0.534193,2.08381,-2.36599,0.701092,11.1371,900.829,-116.163,34747.9,0.0214978,1.29143,-0.00619635,41903.4 
83,44.8,0.59,0.27,0.12,1.4,83,34292.6,-0.158844,56.295,13.8704,78.5874,-0.197,302.765,478.157,0.339268,-4.38226,1.76927,-3.1496,-2.1104,20.5195,300.52,-132.611,35605.5,27360.3,0.210063,-4.51147,1.51086,-3.27881,-2.23961,1.18183,271.74,-134.743,35576.7,0.00643137,7.56114,-0.00702582,42252.2 
84,44.827,0.55,0.31,0.12,1.4,84,34768.8,-0.462713,58.3239,13.8486,78.5823,-0.371303,419.095,32.609,0.597155,0.484841,4.38993,0.43908,0.658879,3.23386,3343.11,-59.8559,32860.6,31359.1,0.576792,0.464479,4.34921,0.418717,0.638516,0.325465,3338.57,-60.1919,32856,0.0792847,1.03258,-0.00338615,42108.7 
85,44.836,0.75,0.11,0.12,1.4,85,34621.4,-0.297563,56.1918,14.223,78.7726,0.330201,-1636,499.986,3.56982,0.472495,3.86795,0.767191,-1.52512,37.2387,696.874,-106.786,35417.8,43602.6,3.33534,0.238013,3.39898,0.532709,-1.7596,0.408403,644.643,-110.655,35365.6,0.0152124,1.42937,-0.00579716,42376 
86,44.839,0.63,0.23,0.12,1.4,86,35036.8,-0.0739281,57.5913,13.8309,78.7669,-0.0659832,218.477,0.385106,2.12128,2.08179,7.27743,2.99429,1.91043,-26.0715,4424.01,-26.1626,32276.2,26399.3,2.28544,2.24595,7.60576,3.15846,2.0746,0.562138,4460.58,-23.4539,32312.8,0.104734,1.00929,-0.00133886,42589.7 
87,44.827,0.71,0.15,0.12,1.4,87,33307.3,-0.0892318,56.5649,13.6369,78.6699,-0.0831739,136.944,108.839,0.556212,2.10843,3.43353,1.74365,3.89273,-40.4232,3539.55,-22.3526,31356.7,25481.4,0.810746,2.36297,3.9426,1.99818,4.14727,0.702709,3596.25,-18.1528,31413.4,0.088438,1.00891,-0.00106563,40664.1 
88,44.803,0.75,0.11,0.12,1.4,88,34903.5,-0.454665,57.5512,14.0695,78.7125,-1.17689,2920.52,351.02,0.282641,1.72434,0.615312,1.82643,0.292865,5.61138,272.643,-120.464,36219.3,138249,0.247307,1.68901,0.544645,1.7911,0.257532,0.879758,264.773,-121.047,36211.5,0.00615833,5.00138,-0.00619593,42994.3 
89,44.806,0.55,0.31,0.12,1.4,89,35626.9,-0.0148821,57.346,14.1927,78.6695,-0.0249954,14.9843,8.05537e-12,0.358489,5.69339,6.06444,2.90575,3.70523,-41.5391,2005.82,-65.3644,35135.4,26507.1,0.620049,5.95495,6.58756,3.16731,3.96679,0.675436,2064.08,-61.0487,35193.7,0.0473493,1.05458,-0.00320565,43592.6 
90,44.842,0.67,0.19,0.12,1.4,90,34587.4,-0.00742309,55.9466,14.0845,78.5738,-0.0342048,3.81286,500,-1.29557,-2.14443,-1.02339,0.242351,1.08532,-27.7793,861.498,-90.6155,35227.2,25655.6,-1.12066,-1.96951,-0.673551,0.41727,1.26024,0.677141,900.461,-87.7293,35266.2,0.0211801,1.20554,-0.00460358,42514.6 
91,44.812,0.47,0.39,0.12,1.4,91,34382.3,-0.0325193,55.9354,13.9773,78.731,-0.055213,131.379,500,0.651125,-0.342528,6.20305,4.84908,0.914712,-13.3728,677.062,-102.884,35061.5,25687.1,0.73533,-0.258323,6.37146,4.93329,0.998917,0.501477,695.819,-101.494,35080.3,0.0165315,1.34275,-0.00535814,42090.6 
92,44.818,0.75,0.11,0.12,1.4,92,36904.3,-0.353622,64.0533,13.1409,78.793,0.183456,-174.958,479.909,0.732263,0.854587,1.78966,0.295084,-0.821857,-22.5791,16622.1,162.529,21546.6,28445.6,0.874437,0.996761,2.07401,0.437259,-0.679683,0.439879,16653.8,164.875,21578.3,0.395425,0.98297,0.0138797,42116.2 
93,44.8,0.51,0.35,0.12,1.4,93,33623.1,-0.463919,56.2491,13.9194,78.6033,-0.444957,900.222,125.38,-0.345181,1.8193,1.90652,2.61855,3.08107,-12.5772,302.213,-124.798,34944.8,38527.3,-0.265985,1.8985,2.06491,2.69774,3.16026,0.783902,319.854,-123.492,34962.5,0.00769332,3.08312,-0.00654915,41575.6 
94,44.815,0.59,0.27,0.12,1.4,94,37290.3,-0.397491,64.0036,13.3598,79.0496,-0.13569,-126.652,81.786,-0.179531,-0.0720043,1.19873,-2.51237,-0.425277,7.86634,10095.4,92.0226,28546.5,28395,-0.229063,-0.121537,1.09967,-2.56191,-0.474809,1.4807,10084.4,91.2053,28535.4,0.230468,0.984419,0.0058533,43756.2 
95,44.803,0.55,0.31,0.12,1.4,95,33523.3,-0.433027,55.3397,14.0457,78.8405,-0.415047,939.514,475.481,-0.89859,-2.06255,2.84861,1.0739,0.919547,-41.609,520.695,-141.135,34610.9,37997,-0.636589,-1.80055,3.37261,1.3359,1.18155,0.0232602,579.056,-136.812,34669.2,0.0139569,1.70494,-0.00732258,41488.8 
96,44.833,0.51,0.35,0.12,1.4,96,36761.4,-0.432613,63.1513,13.4242,78.8101,0.754539,-627.571,67.8955,4.06652,3.53928,1.49188,0.134315,-0.223223,9.11851,7831.52,4.20418,30467,43012.1,4.00911,3.48186,1.37705,0.0768981,-0.28064,0.841066,7818.73,3.2568,30454.2,0.178694,0.999272,0.000196958,43754.7 
97,44.836,0.59,0.27,0.12,1.4,97,32969.5,-0.46242,55.9233,13.7436,78.7974,-0.970143,3175.3,304.568,-0.649732,2.29575,2.97054,5.57984,1.95986,-8.22179,809.582,-75.3832,33889.3,125300,-0.597961,2.34752,3.07408,5.63162,2.01163,0.75342,821.114,-74.529,33900.8,0.0201135,1.18883,-0.00406623,40824.1 
98,44.809,0.67,0.19,0.12,1.4,98,34465.2,-0.316079,57.7551,13.8102,78.7109,-0.362643,1022.64,4.24771e-11,-0.159452,2.28574,3.80743,0.703864,1.67643,-38.5981,1172.91,-91.8156,34923.5,38037.4,0.08359,2.52879,4.29352,0.946906,1.91947,0.560643,1227.05,-87.8054,34977.7,0.0288713,1.14315,-0.00464577,42500.7 
99,44.833,0.59,0.27,0.12,1.4,99,35151,0.0268804,58.0745,13.7415,78.868,-0.015681,-7.79677,1.81401e-11,0.6568,2.62175,1.42461,0.215144,-1.2794,-13.9886,3516.28,-39.5671,33079.5,25982.6,0.744882,2.70983,1.60078,0.303227,-1.19132,0.615881,3535.9,-38.1138,33099.1,0.0830163,1.01923,-0.0021257,42592.8 
100,44.833,0.47,0.39,0.12,1.4,100,34667.6,-0.373452,59.6503,13.3341,78.8398,-0.649498,2218.27,149.901,-0.66432,2.01025,4.37645,0.0622955,2.12032,-38.5732,8484.08,42.2055,27678.4,72793.8,-0.421434,2.25314,4.86222,0.305181,2.36321,0.48066,8538.18,46.2131,27732.5,0.206923,0.990617,0.00306026,41262.6 
101,44.833,0.75,0.11,0.12,1.4,101,32236.9,-0.423261,54.6737,13.6854,78.6304,0.587392,-275.626,441.19,0.862182,1.65556,1.81906,2.03851,-1.44688,-58.6127,1137.78,-76.6535,32604.9,29627.8,1.23125,2.02463,2.5572,2.40758,-1.07781,0.641992,1219.99,-70.5639,32687.1,0.0306601,1.11262,-0.00399256,39790.7 
102,44.839,0.47,0.39,0.12,1.4,102,34302.9,-0.443558,57.5509,13.821,78.9521,-0.699144,1708.4,63.4835,0.690816,-0.550181,-1.46525,-1.29859,0.476845,-5.21107,2696.28,-43.5884,33216.5,64775.5,0.723628,-0.517369,-1.39962,-1.26578,0.509657,0.282054,2703.59,-43.047,33223.8,0.064513,1.02866,-0.00239247,41907.7 
103,44.815,0.55,0.31,0.12,1.4,103,36467,0.0566551,63.7565,12.933,79.1117,0.0201325,-50.5022,0.00121482,-2.52992,-0.382367,3.11718,1.7177,-0.193935,-3.76349,10264.6,73.0856,27732.5,26875.4,-2.50623,-0.358669,3.16457,1.7414,-0.170237,-0.691523,10269.9,73.4766,27737.7,0.238832,0.987634,0.004856,43000.4 
104,44.839,0.71,0.15,0.12,1.4,104,34563.8,-0.476388,57.1542,14.0812,78.9218,-0.634138,942.5,46.5058,2.08252,1.98637,2.59994,4.65663,2.72497,20.744,1804.65,-100.253,34376.8,45655.2,1.9519,1.85575,2.3387,4.52601,2.59435,0.823717,1775.55,-102.408,34347.7,0.0419694,1.11227,-0.00552258,42305.8 
105,44.842,0.47,0.39,0.12,1.4,105,35736.9,-0.430382,57.5897,14.3266,78.7276,-0.248916,587.117,202.451,2.822,2.70155,4.81945,-1.42032,2.38749,38.839,1227.89,-100.875,35903.4,31616.1,2.57744,2.45699,4.33034,-1.66488,2.14293,0.560051,1173.41,-104.91,35848.9,0.0269904,1.18548,-0.00542006,43475.1 
106,44.842,0.75,0.11,0.12,1.4,106,34787,-0.0311925,55.2642,14.3256,78.7866,-0.0403534,18.7811,500,-0.51788,0.987071,2.2379,1.12452,1.05251,14.1508,918.454,-86.8683,35232,25796.8,-0.606984,0.897967,2.0597,1.03542,0.963407,0.526453,898.606,-88.3385,35212.1,0.0211691,1.20778,-0.00464284,42448.9 
107,44.824,0.63,0.23,0.12,1.4,107,35655.1,-0.0644627,59.7651,13.694,78.9002,0.387529,-464.272,26.8613,0.266849,0.0567582,0.329972,-0.183778,1.73285,0.698477,5264.24,-15.8098,31938.7,32499.4,0.262451,0.0523601,0.321176,-0.188176,1.72845,0.852418,5263.26,-15.8824,31937.7,0.122545,1.00531,-0.000916906,42949.8 
108,44.806,0.47,0.39,0.12,1.4,108,34247.5,-0.00486041,56.2318,13.8453,78.5405,-0.0306018,-11.6844,500,-0.4606,2.13778,1.38674,0.524806,2.34612,-44.4507,1640.47,-73.1127,34106.9,25356,-0.180706,2.41768,1.94652,0.8047,2.62601,0.744356,1702.82,-68.4944,34169.3,0.0405215,1.07572,-0.0037063,42022.6 
109,44.815,0.75,0.11,0.12,1.4,109,34029.4,-0.0907046,59.4671,13.0088,78.9917,0.0406133,261.505,499.957,-0.376172,-2.37077,1.80778,1.08286,0.574556,-10.0929,12875.4,151.502,22536.2,25528.8,-0.31262,-2.30722,1.93488,1.14642,0.638108,-0.759672,12889.6,152.55,22550.3,0.326327,0.979709,0.0123083,39498.9 
110,44.824,0.55,0.31,0.12,1.4,110,34914.8,-0.417423,59.1511,13.6217,78.8338,-0.191367,-253.31,7.57336,-0.337205,2.18816,1.06291,2.27619,2.29408,67.4889,2936.62,-96.1359,33448.3,27807.5,-0.762164,1.7632,0.212991,1.85123,1.86912,0.956835,2841.96,-103.148,33353.6,0.0673462,1.06782,-0.00572944,42199.2 
111,44.83,0.75,0.11,0.12,1.4,111,35192.7,-0.104321,60.2026,13.3116,78.9413,0.0213447,-9.03995,500,-0.848212,1.91757,3.92662,0.81305,5.25346,35.3921,5569.8,-23.8097,31081.1,26094.2,-1.07107,1.69471,3.48091,0.590195,5.0306,0.642079,5520.16,-27.4868,31031.5,0.131004,1.00879,-0.00163435,42137.3 
112,44.824,0.75,0.11,0.12,1.4,112,34000.7,-0.445118,57.6116,13.6956,78.6504,-0.318454,649.624,261.13,1.8456,3.03475,3.68393,2.29047,1.14927,-68.2943,1257.92,-115.116,34294.6,32419.8,2.27563,3.46478,4.54399,2.7205,1.5793,0.688431,1353.7,-108.021,34390.4,0.0322815,1.16231,-0.00581977,41934.3 
113,44.809,0.63,0.23,0.12,1.4,113,32172.1,-0.0230018,54.6198,13.4677,78.953,-0.116411,35.2229,467.099,0.549505,1.06216,6.34223,1.155,0.403251,21.8691,953.16,-67.7998,32846,24079.9,0.411801,0.924453,6.06683,1.0173,0.265548,0.301534,922.487,-70.0719,32815.4,0.0232689,1.15331,-0.00394905,39644.6 
114,44.836,0.63,0.23,0.12,1.4,114,35950.5,-0.424227,60.8469,13.6245,79.0419,-0.541289,391.332,209.087,-1.02516,0.405051,2.84032,-0.51902,2.98172,-19.3945,6199.72,23.0186,31172.1,33882.5,-0.903042,0.527173,3.08457,-0.396898,3.10384,0.430434,6226.92,25.0336,31199.3,0.14467,0.993014,0.00147588,43042.1 
115,44.8,0.63,0.23,0.12,1.4,115,34153.6,-0.194092,56.5104,13.8269,78.926,-0.362479,744.866,500,-0.172716,0.176357,3.6046,-0.748615,-1.35316,44.2842,363.542,-117.771,35309.2,34225.4,-0.451562,-0.102489,3.04691,-1.02746,-1.63201,19.2875,301.429,-122.372,35247.1,0.00719522,3.45365,-0.00643665,41893 
116,44.821,0.59,0.27,0.12,1.4,116,38132.8,-0.0363721,64.5344,13.3307,78.8811,-0.000475847,-33.2624,0.00224455,0.457844,2.74992,2.77394,1.63143,-0.813075,24.9665,10820.4,74.2056,28609.2,28005.7,0.300636,2.59271,2.45953,1.47422,-0.970282,0.580057,10785.4,71.6116,28574.2,0.242352,0.988514,0.0045954,44503 
117,44.833,0.67,0.19,0.12,1.4,117,34801.6,-0.00975519,59.9965,13.1131,79.0211,-0.0370821,22.3135,499.215,0.340794,-0.577433,8.42276,5.65616,2.69979,24.6785,7612.75,17.1958,28613.4,25637.9,0.1854,-0.732827,8.11197,5.50077,2.5444,0.480326,7578.14,14.6318,28578.8,0.183485,0.996632,0.000942235,41301.1 
118,44.842,0.59,0.27,0.12,1.4,118,34604.9,-0.0459369,56.0203,14.0127,78.7307,-0.0327115,31.1717,6.11567e-05,0.315486,-0.148908,3.42502,2.18984,2.34756,35.5619,1079.03,-98.7571,34868.9,25587.4,0.0915621,-0.372832,2.97718,1.96592,2.12364,0.561242,1029.15,-102.452,34819,0.0244364,1.21096,-0.00544978,42115.5 
119,44.833,0.55,0.31,0.12,1.4,119,35009.7,-0.220695,57.9597,13.8077,78.8115,-0.0857646,-231.527,500,0.653308,-0.482707,0.18527,1.08747,-1.12982,30.3036,2523.9,-47.9257,33858.4,26698.6,0.462494,-0.673521,-0.196357,0.896653,-1.32063,0.763813,2481.4,-51.0741,33815.9,0.0585454,1.03737,-0.00279,42384.2 
