cyc,freq,VVA,Charge Time,Wiggle Time,Pulse Time,cyc,ROIsum,fBg,fA1,fWidth1,fCtr1,fA2,fWidth2,fCtr2,box1,box2,box3,box4,box5,box6,box7,box8,box9,Nfit,BZ-2,BZ-1,BZ0,BZ1,BZ2,Excited,c5,c7,c9,fraction95,fraction75,fraction97,sum95
90,44.8,1.5,0.49,0.41,0.08,90,26104.2,-0.327212,45.878,-13.1682,79.7241,0.228018,-136.543,107.574,-0.718211,0.652642,2.38652,-0.828503,2.23407,-12.5447,803.444,-52.8675,26699.6,20679.9,-0.63922,0.731633,2.5445,-0.749512,2.31306,0.394233,821.039,-51.5642,26717.2,0.0230931,1.12348,-0.00356795,35553.4 
91,44.803,1.5,0.49,0.41,0.08,91,28234.6,-0.378303,46.8445,14.008,79.5656,-0.115865,187.864,246.762,1.62721,0.144166,0.0815347,1.10886,5.3033,-34.1613,610.884,-69.3813,28938.4,22070,1.84232,0.359271,0.511744,1.32396,5.51841,0.946446,658.798,-65.8321,28986.3,0.0171826,1.21194,-0.00420127,38340.9 
92,44.806,1.5,0.49,0.41,0.08,92,28078.5,-0.372985,47.35,13.7741,79.774,0.381125,2179.77,457.164,2.21731,-0.35383,-0.563533,1.3408,0.499375,6.24026,527.642,-62.4012,28983.9,48275.5,2.17802,-0.393123,-0.64212,1.3015,0.460082,1.22109,518.89,-63.0495,28975.1,0.0135883,1.27007,-0.00402453,38186.5 
93,44.809,1.5,0.49,0.41,0.08,93,27981.9,-0.0286156,47.4992,13.4539,79.8305,-0.00591276,47.5701,500,0.338542,-2.28278,-2.13223,0.752212,-0.717832,16.6596,839.383,-51.2081,28513.7,20812.4,0.233641,-2.38768,-2.34203,0.647311,-0.822733,0.498654,816.016,-52.939,28490.3,0.0215572,1.12807,-0.00343464,37853.5 
94,44.812,1.5,0.49,0.41,0.08,94,28062,-0.316877,48.3472,13.5389,79.9138,1.16419,-8364.04,13.7268,0.977055,-1.37473,1.74298,0.706767,-1.88933,7.78573,2761.5,-0.661281,26809.3,338291,0.92803,-1.42376,1.64493,0.657742,-1.93835,13.5179,2750.58,-1.47019,26798.4,0.073176,1.00094,-0.00010107,37588.5 
95,44.815,1.5,0.49,0.41,0.08,95,25022.6,-0.323137,44.8612,-12.9326,79.8831,0.534103,-263.598,44.3017,1.03368,1.41163,0.889478,-0.440665,2.05123,-58.4385,2270.97,-25.8155,24114.3,23469.6,1.40165,1.7796,1.62542,-0.0726938,2.4192,0.772769,2352.94,-19.744,24196.3,0.0695969,1.0149,-0.00150541,33808.1 
96,44.818,1.5,0.49,0.41,0.08,96,28048.4,-0.000672538,47.0831,13.5598,79.9151,-0.0109556,11.3392,2.35802e-11,2.28133,-0.994403,3.03184,0.307509,2.21869,25.5437,1265.6,-48.558,28111.7,20787.3,2.12049,-1.15524,2.71016,0.146667,2.05785,0.539083,1229.77,-51.2119,28075.9,0.0325952,1.0786,-0.00337142,37728.5 
97,44.821,1.5,0.49,0.41,0.08,97,23952.4,-0.0773433,42.7098,12.8471,79.9526,0.0456055,-16.9562,494.765,-0.308762,-0.600555,3.0642,-0.94123,1.62933,13.2192,1709.89,-24.4675,23563.8,17887,-0.391999,-0.683792,2.89773,-1.02447,1.54609,-0.236463,1691.35,-25.841,23545.3,0.0523635,1.02747,-0.00202581,32300.2 
98,44.824,1.5,0.49,0.41,0.08,98,29003.6,-0.188229,50.8018,13.0216,79.8435,0.175124,13.4848,0.00496752,3.06641,1.40288,-0.236383,-0.468908,2.02297,-37.4559,6257.6,83.6248,24057.8,21611.5,3.30226,1.63873,0.235317,-0.233058,2.25882,0.967327,6310.14,87.5163,24110.3,0.167584,0.976304,0.0066421,37653.6 
99,44.827,1.5,0.49,0.41,0.08,99,27370.4,-0.308696,50.3385,12.506,80.0875,0.143812,1231.05,466.731,0.460292,0.768779,-0.209466,-0.180806,-2.58015,-41.8714,13828.7,199.202,14811.1,26256.6,0.723945,1.03243,0.31784,0.0828466,-2.3165,2.99349,13887.4,203.552,14869.8,0.418066,0.974991,0.0245962,33218.2 
100,44.83,1.5,0.49,0.41,0.08,100,29584.7,-0.141321,53.3279,12.6132,80.0071,-0.0431211,-145.65,4.53844e-07,-1.60691,-1.14225,1.4131,-0.360391,-0.567608,-45.0538,18947.9,238.283,11831.2,22100.9,-1.32321,-0.858562,1.98049,-0.0766993,-0.283916,4.52458,19011.1,242.964,11894.4,0.551464,0.978124,0.0362636,34473.8 
101,44.833,1.5,0.49,0.41,0.08,101,31638.9,-0.0511094,55.7719,12.8592,80.1335,-0.0932579,125.168,1.19984e-12,3.42631,1.34121,2.91853,-1.45794,-1.67609,-40.54,19277.3,280.24,13565.9,23726.7,3.68158,1.59647,3.42907,-1.20267,-1.42082,0.436345,19334.2,284.452,13622.7,0.521929,0.9749,0.0370398,37043.7 
102,44.836,1.5,0.49,0.41,0.08,102,29632,-0.0739665,51.8982,12.9619,79.9229,-0.0231279,69.7372,500,2.16064,-1.14021,2.20603,-0.0328066,-2.1331,-39.9655,9506.81,152.233,21333.5,21951.1,2.41229,-0.888563,2.70933,0.218845,-1.88145,-0.0540276,9562.87,156.385,21389.5,0.255902,0.972178,0.0132892,37369.2 
103,44.839,1.5,0.49,0.41,0.08,103,28341.2,-0.0294481,48.8036,13.2074,79.6751,-0.000966794,33.728,500,-0.970286,1.39539,1.60118,1.12193,0.751868,-8.86182,4803.04,13.2696,24806,20984,-0.914486,1.45119,1.71278,1.17773,0.807668,0.595554,4815.47,14.1903,24818.5,0.129869,0.99487,0.00105214,37079.5 
104,44.842,1.5,0.49,0.41,0.08,104,26226.8,-0.327124,45.8624,13.2305,79.9156,-0.117424,-25.8946,64.9898,-0.744521,-1.07463,0.201995,0.780348,-0.188381,12.9507,1550.24,-35.8578,26108.4,19851.8,-0.826068,-1.15618,0.0389013,0.698802,-0.269928,1.02569,1532.08,-37.2033,26090.2,0.0432187,1.04438,-0.00263366,35449.4 
105,44.842,1.5,0.49,0.41,0.08,105,26277.6,-0.0737632,45.2738,13.2502,79.8942,0.115722,-229.499,2.02616e-07,1.96003,0.066106,2.43845,2.29593,1.71619,-10.5946,1288.49,-38.1209,26412.4,20392.9,2.02674,0.132817,2.57188,2.36264,1.7829,0.710275,1303.35,-37.0202,26427.2,0.0365507,1.05231,-0.00258716,35658.8 
106,44.842,1.5,0.49,0.41,0.08,106,28400.8,-0.00392145,46.9079,13.7291,79.7757,-0.20064,60.3196,500,0.266909,-0.479797,1.05096,0.199555,1.37264,-45.3094,1807.07,-61.3807,27797,21358.3,0.55221,-0.194496,1.62156,0.484856,1.65794,0.606615,1870.62,-56.6733,27860.5,0.0491115,1.05599,-0.00376126,38089.3 
107,44.842,1.5,0.49,0.41,0.08,107,26738.5,-0.342562,46.6088,13.2947,79.8774,-0.0547032,-31.4625,394.209,-0.453398,-1.41341,1.2252,1.25524,0.48436,-8.91049,1747.98,-36.4193,26505.2,20227.6,-0.397291,-1.35731,1.33741,1.31135,0.540467,0.067765,1760.48,-35.4935,26517.7,0.0485869,1.03657,-0.00247172,36233.5 
