cyc,freq (MHz),wiggle time pre,pulse time,wiggle time post,VVA,cyc,ROIsum,fBg,fA1,fWidth1,fCtr1,fA2,fWidth2,fCtr2,box1,box2,box3,box4,box5,box6,box7,box8,box9,Nfit,BZ-2,BZ-1,BZ0,BZ1,BZ2,Excited,c5,c7,c9,fraction95,fraction75,fraction97,sum95
200,44.923,0.57,0.04,0.38,1.7,200,37310.7,-0.0160329,52.4158,15.7126,80.0743,0.0109872,-20.4101,4.322e-11,-1.78271,0.725265,3.61062,1.78931,1.6079,-48.0221,508.875,-96.5007,37518.3,26817.8,-1.48033,1.02765,4.21538,2.09169,1.91028,0.457108,576.23,-91.5114,37585.6,0.0195219,1.38489,-0.00450527,29517.1 
201,44.783,0.57,0.04,0.38,1.7,201,36144.8,-0.179103,49.9226,16.134,79.9425,-0.65979,435.586,412.799,0.922495,2.81752,2.8704,2.022,1.36663,-18.7151,447.764,-101.74,36261.5,35575.8,1.04034,2.93536,3.10609,2.13984,1.48447,0.709877,474.013,-99.7954,36287.7,0.0166815,1.58336,-0.0050918,28415.6 
202,44.863,0.57,0.04,0.38,1.7,202,37882.3,-0.170863,50.641,16.6315,80.1253,0.306839,-446.623,59.1876,1.27049,-0.113931,1.36211,-0.0644026,-1.332,-5.60468,1014.81,-91.0451,37483,31878.8,1.30578,-0.07864,1.4327,-0.0291115,-1.29671,-0.0739704,1022.67,-90.4627,37490.9,0.0342138,1.18315,-0.00446471,29890.7 
203,44.813,0.57,0.04,0.38,1.7,203,35140,0.0532065,50.2332,15.341,80.2647,-0.00643476,-29.1046,5.72041e-11,-3.94728,-1.09954,1.68083,1.24787,0.0017703,18.6072,952.684,-103.507,34781.3,25092.5,-4.06444,-1.2167,1.4465,1.13071,-0.115394,1.51307,926.585,-105.44,34755.2,0.0334651,1.24866,-0.00561997,27688.1 
204,44.883,0.57,0.04,0.38,1.7,204,37801.3,-0.144038,51.6481,16.2143,80.3905,-0.0417131,57.0428,292.238,-3.70265,-1.16001,1.63254,3.70063,-2.27808,32.3578,568.118,-116.923,37826.1,27338.8,-3.9064,-1.36375,1.22505,3.49688,-2.48183,1.4043,522.733,-120.284,37780.7,0.0176516,1.67416,-0.0058994,29613.9 
205,44.793,0.57,0.04,0.38,1.7,205,37036.7,-0.151791,51.8488,15.8481,80.3097,-0.264629,-138.475,390.073,-0.6494,-1.89742,1.9811,2.47169,0.913567,39.2505,998.324,-93.3241,36562.7,27942.1,-0.89655,-2.14457,1.4868,2.22454,0.666416,-0.112343,943.271,-97.4021,36507.6,0.032466,1.22056,-0.00493899,29054.2 
206,44.763,0.57,0.04,0.38,1.7,206,37390.2,-0.180593,49.0096,16.9896,80.2624,0.330549,-479.542,38.8423,-2.15165,0.383682,-2.00905,1.01398,-0.0327817,26.5212,709.598,-110.555,37137.5,32265.7,-2.31864,0.216684,-2.34304,0.846979,-0.199779,0.383053,672.4,-113.311,37100.3,0.0229962,1.41825,-0.00565794,29239.6 
207,44.903,0.57,0.04,0.38,1.7,207,36430.8,-0.112148,51.8938,15.4941,80.7132,-0.0349763,-21.238,335.763,-4.99207,-2.74795,-1.66532,-1.02755,2.07993,-30.3475,358.569,-119.574,36728.6,26198.6,-4.80098,-2.55686,-1.28314,-0.836455,2.27102,0.821945,401.135,-116.421,36771.1,0.0139696,2.03212,-0.00586651,28714.9 
208,44.663,0.57,0.04,0.38,1.7,208,37465.5,-0.118653,50.9997,16.2209,80.2574,0.0336042,114.713,499.94,-2.1993,1.03818,-1.51839,2.95535,-0.796921,0.0334793,399.385,-103.765,37605.5,27055.6,-2.19951,1.03797,-1.51881,2.95514,-0.797132,-1.90767,399.338,-103.769,37605.5,0.0136035,1.83399,-0.00510909,29355.6 
209,44.833,0.57,0.04,0.38,1.7,209,30356.4,-0.0811086,47.5755,14.0532,80.3149,-0.0250292,93.5132,332.414,-2.6428,-3.10085,-1.88145,0.043821,0.999533,-88.494,14912.1,102.751,15924.9,21840.9,-2.08557,-2.54362,-0.767002,0.601044,1.55676,0.763154,15036.2,111.946,16049,0.548888,0.987139,0.0126861,27394 
210,44.723,0.57,0.04,0.38,1.7,210,37197.1,-0.145948,50.8943,16.2008,80.1069,0.0577832,103.109,154.874,-3.36711,-1.14099,-2.78568,0.41815,3.45415,7.03815,458.392,-123.489,37367.2,27035.1,-3.41143,-1.1853,-2.87431,0.373832,3.40983,0.220502,448.52,-124.221,37357.3,0.0153531,1.94052,-0.00616312,29213.6 
211,44.703,0.57,0.04,0.38,1.7,211,38198.6,-0.141895,51.6434,16.3782,80.2285,0.0819386,-35.706,24.3017,-1.97226,-0.321945,-0.449022,2.37201,-0.200461,58.9283,509.183,-112.186,38183.9,27629.6,-2.34331,-0.693001,-1.19113,2.00096,-0.571517,0.574292,426.531,-118.308,38101.2,0.0143302,1.94327,-0.00575283,29764.5 
212,44.823,0.57,0.04,0.38,1.7,212,30166,-0.0698026,45.9449,14.4425,80.1664,-0.0223209,27.7123,500,-2.07989,-1.75139,-0.547161,2.60316,-2.7415,-18.5183,6460.03,35.2398,24231.1,21621.1,-1.96329,-1.63479,-0.313951,2.71977,-2.6249,0.917753,6486,37.1638,24257.1,0.25775,0.990072,0.00281431,25164 
213,44.853,0.57,0.04,0.38,1.7,213,37925.2,-0.172505,50.9279,16.5598,80.2699,0.0919237,114.054,20.6939,-1.51485,-0.261201,-2.14918,0.964918,0.118698,-2.91806,1070.7,-116.173,37509.8,27795.3,-1.49647,-0.242827,-2.11243,0.983292,0.137072,0.226604,1074.79,-115.87,37513.9,0.0358736,1.23253,-0.00572232,29960.5 
214,44.683,0.57,0.04,0.38,1.7,214,37752.5,-0.159108,51.3396,16.3243,80.0865,0.0994402,28.316,418.505,-0.164108,-0.649908,0.562295,4.01047,0.862111,27.842,422.584,-105.678,37923.1,27374.1,-0.339421,-0.825221,0.211668,3.83515,0.686798,0.940692,383.533,-108.571,37884.1,0.0129772,1.98173,-0.00530724,29554.3 
215,44.843,0.57,0.04,0.38,1.7,215,33856.8,0.040007,49.9808,14.8027,80.5216,-0.0070518,-20.0141,2.47615e-11,-0.885919,-0.915485,2.54048,1.99313,1.47636,-4.50966,7247.56,14.2014,26970.7,24089.2,-0.857522,-0.887089,2.59727,2.02152,1.50475,0.406871,7253.89,14.67,26977,0.258825,0.996473,0.00100073,28026.2 
216,45.003,0.57,0.04,0.38,1.7,216,38051.2,-0.0096654,51.7661,16.22,80.3608,0.00415924,-8.53809,3.23571e-10,-3.54804,-1.34308,-1.88608,1.23154,1.93162,44.5257,428.842,-118.935,38243.2,27334.5,-3.82841,-1.62344,-2.44681,0.951179,1.65126,0.538009,366.391,-123.561,38180.8,0.0123092,2.44001,-0.00599718,29765.6 
217,44.743,0.57,0.04,0.38,1.7,217,38047.3,-0.00989869,50.5246,16.5992,80.2746,0.00580855,-16.6896,3.78131e-10,-1.97532,-0.958395,-0.0956911,-0.959608,-0.834378,44.0847,719.029,-151.083,37925.3,27304.6,-2.25291,-1.23598,-0.650871,-1.2372,-1.11197,0.899695,657.196,-155.663,37863.4,0.0220446,1.70795,-0.007631,29812 
218,44.803,0.57,0.04,0.38,1.7,218,38299.1,-0.167885,53.2668,15.9753,80.0847,0.158657,28.5776,452.781,-2.02212,-0.491563,1.40599,-0.937871,0.506343,43.6173,944.673,-102.766,38002.9,27848.9,-2.29676,-0.76621,0.856697,-1.21252,0.231696,1.2688,883.496,-107.298,37941.7,0.0293533,1.26989,-0.00523668,30098.6 
219,44.983,0.57,0.04,0.38,1.7,219,37286.4,-0.176492,52.408,15.836,80.3824,-0.380207,-514.273,495.781,-2.89635,-2.24379,-2.65638,-1.67532,-0.19239,2.56173,414.937,-106.325,37543.3,33382.1,-2.91248,-2.25992,-2.68864,-1.69145,-0.20852,0.724553,411.344,-106.591,37539.7,0.0140309,1.82974,-0.00525801,29316.9 
220,44.623,0.57,0.04,0.38,1.7,220,37557,-0.173273,51.7738,16.1364,80.2204,-0.243779,1266.61,295.435,-2.43537,-4.8432,-1.15195,-0.80319,0.532064,18.7893,517.294,-139.022,37599.7,37248.1,-2.55368,-4.96152,-1.38857,-0.921501,0.413753,0.85246,490.94,-140.975,37573.3,0.0166859,2.01012,-0.00695965,29422.4 
221,44.773,0.57,0.04,0.38,1.7,221,36491.1,0.0125829,51.8069,15.5182,80.2722,-0.0242004,0.820333,500,-1.59516,0.371554,2.68563,0.925253,1.04286,2.09344,622.223,-106.962,36536.4,26171.9,-1.60834,0.358372,2.65927,0.912071,1.02968,0.206436,619.287,-107.179,36533.5,0.0215403,1.43445,-0.00543359,28750.1 
222,44.643,0.57,0.04,0.38,1.7,222,38579.3,-0.171736,52.3487,16.3801,80.3477,0.25493,-514.056,448.149,-0.813075,-0.203128,-1.49306,0.758698,0.137082,20.1804,586.571,-123.972,38565.9,32179.7,-0.940145,-0.330199,-1.7472,0.631628,0.0100112,0.264617,558.266,-126.069,38537.6,0.018466,1.65341,-0.00606267,30232.2 
223,44.963,0.57,0.04,0.38,1.7,223,38789.4,-0.00932353,52.1591,16.4746,80.1035,0.00229334,-14.5398,4.05711,-2.6484,-1.56849,-4.21058,-2.81191,0.351631,-28.9437,518.236,-127.749,38816.1,27974.1,-2.46614,-1.38624,-3.84608,-2.62966,0.533882,0.607312,558.832,-124.742,38856.7,0.0183353,1.64105,-0.00594891,30478.5 
224,44.943,0.57,0.04,0.38,1.7,224,38238,-0.00821966,51.9065,16.2463,80.2285,0.00282015,-14.3307,0.0161451,0.350425,1.15318,0.967975,3.95106,4.54826,25.2183,501.337,-107.223,38297.1,27453.1,0.191632,0.994387,0.65039,3.79227,4.38947,0.935079,465.966,-109.843,38261.8,0.0155698,1.70222,-0.00531651,29927.5 
