cyc,freq (MHz),wiggle time pre,pulse time,wiggle time post,VVA,cyc,ROIsum,fBg,fA1,fWidth1,fCtr1,fA2,fWidth2,fCtr2,box1,box2,box3,box4,box5,box6,box7,box8,box9,Nfit,BZ-2,BZ-1,BZ0,BZ1,BZ2,Excited,c5,c7,c9,fraction95,fraction75,fraction97,sum95
25,44.923,0.37,0.01,0.61,3,25,35432.3,-0.372185,50.3926,16.1105,80.68,0.26173,94.686,340.376,-0.163856,0.0407127,2.77591,1.29373,0.942466,-60.9625,417.873,-63.1152,36344.5,27235.2,0.220008,0.424577,3.54364,1.67759,1.32633,0.507291,503.379,-56.7814,36430,0.0176287,1.24595,-0.00287945,28554.5 
26,44.783,0.37,0.01,0.61,3,26,31502.7,-0.0515253,50.5262,13.9608,81.2194,-0.522758,385.427,0.0705929,0.0448166,1.64371,1.7117,2.08693,1.38783,-52.151,8592.41,117.593,24102.4,29521.6,0.373198,1.97209,2.36847,2.41531,1.71621,0.732234,8665.56,123.011,24175.5,0.317644,0.97576,0.00928603,27280.7 
27,44.863,0.37,0.01,0.61,3,27,34035.9,-0.298773,52.1953,14.8134,80.8581,-0.0742984,238.774,292.012,-0.39076,-0.0431864,-1.00148,0.144722,2.3526,-67.6619,6795.66,44.7258,28394.6,25747.5,0.0352893,0.382863,-0.149383,0.570771,2.77865,1.04129,6890.56,51.7556,28489.5,0.239027,0.987026,0.0033353,28827.5 
28,44.813,0.37,0.01,0.61,3,28,32648.2,-0.0499027,53.9353,13.5919,81.05,-0.0150641,14.2713,1.18537e-12,0.29158,1.53409,-0.844133,-1.07063,-0.90809,-36.3125,15503.2,84.0717,18319.5,23871.2,0.520229,1.76274,-0.386833,-0.841983,-0.67944,2.03236,15554.1,87.8445,18370.4,0.523719,0.990213,0.00873173,29699.4 
29,44.883,0.37,0.01,0.61,3,29,35631.5,-0.337875,52.4641,15.4827,80.9124,0.0915147,119.383,490.392,2.65991,-1.26725,3.69604,0.298698,-0.732596,-44.748,2430.94,-8.11982,34486.9,26798.2,2.94168,-0.985484,4.25958,0.580464,-0.45083,0.328715,2493.71,-3.47068,34549.6,0.0857034,1.00244,-0.000185083,29096.9 
30,44.793,0.37,0.01,0.61,3,30,27693.9,-0.273063,46.3497,13.6466,81.2055,-0.0990727,48.373,474.395,-0.263147,-0.400713,-0.598107,-0.608914,-1.42135,-27.2756,9961.78,79.1184,18991.4,20746.6,-0.0913994,-0.228965,-0.254612,-0.437166,-1.2496,0.887426,10000,81.9522,19029.7,0.405634,0.985861,0.00787068,24652.9 
31,44.763,0.37,0.01,0.61,3,31,30612.1,-0.0197884,47.3819,14.5987,80.8148,-0.182457,176.844,500,1.91653,0.681853,1.96958,-1.30892,-1.71348,-69.7254,3009.24,30.4997,29139.6,23568,2.35557,1.1209,2.84766,-0.869877,-1.27444,0.31871,3107.04,37.7439,29237.4,0.121275,0.979184,0.00237242,25619.9 
32,44.903,0.37,0.01,0.61,3,32,35747.4,-0.336801,50.1952,16.2303,80.8162,-0.802431,957.594,297.812,-0.598861,0.277626,1.17636,-2.11396,1.5278,-49.2925,516.069,-27.6711,36585.1,51534.6,-0.288479,0.588008,1.79713,-1.80358,1.83818,0.156775,585.206,-22.5498,36654.2,0.0203133,1.07231,-0.00113456,28809 
33,44.663,0.37,0.01,0.61,3,33,34397.7,-0.34814,48.4649,16.2311,80.3999,-2.22341,-439.901,150.788,4.57828,1.49506,1.46887,3.20817,2.98878,-30.6588,833.055,2.92091,34834.9,57447.4,4.77133,1.68811,1.85497,3.40122,3.18183,0.875484,876.057,6.10624,34877.9,0.0315901,0.987949,0.000322402,27732.1 
34,44.833,0.37,0.01,0.61,3,34,31535.3,-0.0726273,51.1165,13.91,81.2408,0.00103915,-85.7464,8.7467e-12,-0.37485,-0.346245,-0.124683,-0.805225,0.79329,-46.7332,13949.8,106.298,18721.5,23149.4,-0.0805835,-0.0519781,0.46385,-0.510959,1.08756,0.489088,14015.4,111.153,18787.1,0.492088,0.986311,0.0107813,28481.4 
35,44.723,0.37,0.01,0.61,3,35,33440.6,-0.345457,49.4505,15.4813,80.7271,-0.131748,176.588,40.1182,1.33112,0.93272,2.00019,0.71001,1.08603,-25.7781,145.313,-63.8518,34772,25678.7,1.49343,1.09504,2.32482,0.872328,1.24835,0.669486,181.47,-61.1735,34808.1,0.00672515,2.43859,-0.00324792,26983.7 
36,44.703,0.37,0.01,0.61,3,36,34629.6,-0.224549,51.1535,15.4161,80.9506,0.0367812,66.387,500,3.45142,1.85581,1.60465,3.21576,0.865851,-18.9982,597.554,-71.7509,35447.2,25750.7,3.57105,1.97543,1.8439,3.33538,0.985478,0.842553,624.201,-69.7771,35473.8,0.0223415,1.2432,-0.0036366,27939.1 
37,44.823,0.37,0.01,0.61,3,37,30244.9,-0.259794,52.0529,13.187,81.1268,1.13659,-26.0865,131.712,-0.9521,0.292677,0.113011,0.939947,0.409349,-87.2276,14486.9,89.8893,16899.8,23310.6,-0.402851,0.841926,1.21151,1.4892,0.958598,0.704393,14609.3,98.9519,17022.1,0.5271,0.988286,0.010595,27716.3 
38,44.853,0.37,0.01,0.61,3,38,33642.3,-0.273863,53.0663,14.3559,81.2392,-0.339192,621.835,237.768,0.505401,-0.6747,-2.22823,0.233218,2.83898,-61.1603,10279.5,76.1476,24465.8,31665.9,0.890511,-0.28959,-1.45801,0.618328,3.22409,1.48839,10365.3,82.5019,24551.6,0.354126,0.986262,0.00615203,29270 
39,44.683,0.37,0.01,0.61,3,39,33141.3,-0.0416233,50.2909,14.903,80.8933,-0.0898874,82.1932,2.52097e-10,-1.61856,-2.31221,2.21706,1.82575,-1.07078,-10.4561,843.842,-35.6846,33580,24638.8,-1.55272,-2.24637,2.34874,1.89159,-1.00494,5.16663,858.508,-34.5982,33594.7,0.0321221,1.07588,-0.00190074,26726.4 
40,44.843,0.37,0.01,0.61,3,40,31682,-0.248757,51.3796,13.9431,81.1055,-1.55641,1220.01,135.397,0.961542,-0.0132551,-5.32089,-1.19813,-1.51189,-76.054,11296.9,79.4108,21553.3,85134.2,1.44043,0.465637,-4.3631,-0.719234,-1.033,-0.036548,11403.6,87.3126,21660,0.406085,0.986778,0.00737089,28081.8 
41,45.003,0.37,0.01,0.61,3,41,34140.4,-0.341473,49.4291,15.7863,80.7169,-0.128186,289.541,498.889,-0.155306,-1.55496,1.45229,0.637333,0.588142,-51.5396,400.255,-74.7453,35072.9,26609.7,0.169225,-1.23043,2.10136,0.961864,0.912673,0.279045,472.544,-69.3905,35145.2,0.017162,1.34585,-0.00365032,27534.4 
42,44.743,0.37,0.01,0.61,3,42,29677.3,-0.0778519,47.1001,14.3142,80.8921,0.00594547,49.2701,500,0.250973,0.417473,0.101333,0.0935692,3.74516,-64.778,662.222,-77.8261,30485.9,21957,0.658863,0.825363,0.917112,0.501459,4.15305,0.870021,753.08,-71.0959,30576.7,0.0309946,1.19791,-0.00430162,24297.2 
43,44.803,0.37,0.01,0.61,3,43,30309.2,-0.273497,50.3954,13.6785,81.1771,-0.202098,1506.71,4.18103,0.871228,-3.03815,-0.344735,-1.48888,-0.768826,-45.4346,12843.4,50.7502,18730.5,32352.6,1.15732,-2.75206,0.227445,-1.20279,-0.482736,1.0745,12907.1,55.4707,18794.2,0.47143,0.992535,0.00540754,27378.7 
44,44.983,0.37,0.01,0.61,3,44,31727.9,-0.326986,49.2364,14.7504,80.8549,0.0178348,-138.31,369.505,0.636192,0.582023,1.81846,1.50939,0.447543,-49.328,652.525,-69.1277,32416.7,23722.4,0.946797,0.892628,2.43968,1.81999,0.758148,0.644219,721.712,-64.0027,32485.9,0.0280431,1.1837,-0.00364248,25735.8 
45,44.623,0.37,0.01,0.61,3,45,33689,-0.329016,49.3534,15.5833,81.2533,0.0166231,205.426,327.954,0.643181,-1.22192,4.65102,1.09438,1.44312,3.08315,254.346,-70.3062,34784.9,25147.5,0.623767,-1.24133,4.61219,1.07497,1.4237,0.2897,250.021,-70.6265,34780.6,0.0092494,1.97763,-0.00375468,27031.1 
46,44.773,0.37,0.01,0.61,3,46,34474.5,-0.289774,52.6712,14.8411,80.9532,-0.710655,1085.15,174.843,1.44306,0.082003,1.74983,2.06583,2.07746,-30.1382,6258.9,4.77454,29514.9,50551,1.63283,0.271775,2.12937,2.2556,2.26724,0.751149,6301.17,7.90578,29557.2,0.216832,0.997809,0.000492473,29060.2 
47,44.643,0.37,0.01,0.61,3,47,35761.7,-0.36272,49.8612,16.4042,80.7169,-0.0379944,186.419,30.7925,-0.42465,-2.11816,1.47699,0.419236,3.76535,-31.6724,608.087,-83.8728,36441.3,26856.9,-0.225218,-1.91873,1.87586,0.618668,3.96479,0.565307,652.511,-80.5821,36485.7,0.0226988,1.2757,-0.00408509,28746.5 
48,44.963,0.37,0.01,0.61,3,48,33695.2,-0.358016,49.847,15.4976,80.7341,-1.19331,2584.51,3.14877,0.756791,-0.402287,0.735261,1.75486,3.96944,-75.2981,983.622,-103.854,34059.1,125546,1.23092,0.0718451,1.68353,2.229,4.44357,0.825701,1089.23,-96.0309,34164.7,0.0397588,1.18243,-0.00520479,27396 
49,44.943,0.37,0.01,0.61,3,49,35885.1,-0.123972,50.8542,15.9527,80.8999,0.0450471,-19.2326,0.442043,-1.97499,-0.0439205,3.19762,4.2081,2.71314,-33.4079,782.495,-87.0645,36479.4,26437.4,-1.76463,0.16644,3.61834,4.41846,2.9235,0.613513,829.353,-83.5936,36526.2,0.0286433,1.21417,-0.00423367,28954.6 
