cyc,freq (MHz),wiggle time pre,pulse time,wiggle time post,VVA,cyc,ROIsum,fBg,fA1,fWidth1,fCtr1,fA2,fWidth2,fCtr2,box1,box2,box3,box4,box5,box6,box7,box8,box9,Nfit,BZ-2,BZ-1,BZ0,BZ1,BZ2,Excited,c5,c7,c9,fraction95,fraction75,fraction97,sum95
150,44.923,0.51,0.04,0.44,1.7,150,35067.5,-0.11268,49.2684,15.7736,80.3461,-0.0387671,238.485,500,0.775907,-2.78659,1.8746,-0.402195,-0.526472,7.45863,333.185,-87.8602,35369.5,25599.4,0.728942,-2.83356,1.78067,-0.44916,-0.573437,2.3224,322.723,-88.6351,35359,0.0117145,1.92542,-0.00463906,27549.2 
151,44.783,0.51,0.04,0.44,1.7,151,33480.3,-0.0634015,48.5382,15.1867,80.2415,-0.152764,3.20606,500,-3.07491,-1.42596,-0.575547,0.78863,0.240816,-12.0321,881.527,-59.968,33148.6,24012.1,-2.99914,-1.35019,-0.424022,0.864393,0.316579,0.881967,898.403,-58.7179,33165.5,0.0339843,1.12915,-0.00327203,26435.9 
152,44.863,0.51,0.04,0.44,1.7,152,35636.3,-0.0203328,50.4543,15.5284,80.5967,-0.011773,-10.8378,6.36488e-11,-3.23181,-1.68196,0.314227,1.37357,-1.71967,65.8225,628.174,-102.917,35451.1,25508.9,-3.64627,-2.09643,-0.514706,0.959105,-2.13413,0.930749,535.851,-109.756,35358.8,0.0193015,1.55871,-0.00575091,27762.1 
153,44.813,0.51,0.04,0.44,1.7,153,28453.2,-0.0758453,45.3413,13.8207,80.4846,-0.249284,1070.38,325.082,-0.762766,-0.677844,2.61763,1.25822,0.909139,-61.198,12507.7,123.245,16360.6,29085.6,-0.377419,-0.292497,3.38832,1.64357,1.29449,0.400982,12593.6,129.604,16446.4,0.49861,0.982309,0.0143087,25257.3 
154,44.883,0.51,0.04,0.44,1.7,154,36167.4,-0.136613,50.1835,15.9634,80.2985,-0.0662253,4.86655,115.181,-1.61074,-2.08928,-1.13578,1.08138,-0.155676,22.9912,635.644,-86.3834,36057.1,26089,-1.75551,-2.23405,-1.42532,0.936612,-0.300446,0.701736,603.396,-88.7721,36024.9,0.0212894,1.34673,-0.00456,28342.6 
155,44.793,0.51,0.04,0.44,1.7,155,37051.5,-0.0275463,50.5282,16.2288,80.3387,-0.00272614,-36.3795,2.09947e-11,-1.12517,-0.119596,0.601623,1.41887,2.15793,6.07075,562.225,-108.415,37114.1,26697.4,-1.1634,-0.157822,0.525171,1.38064,2.1197,0.805801,553.711,-109.045,37105.6,0.0190115,1.52587,-0.00544301,29125 
156,44.763,0.51,0.04,0.44,1.7,156,37580.8,-0.0176511,51.2889,16.1788,80.4169,0.00999174,-19.1166,0.0488891,-1.20491,-0.206656,-0.840021,2.81343,0.682123,16.5115,510.741,-111.884,37632.5,27018.7,-1.30888,-0.310625,-1.04796,2.70946,0.578155,2.68984,487.582,-113.599,37609.4,0.0165581,1.6884,-0.0055952,29446.8 
157,44.903,0.51,0.04,0.44,1.7,157,35107.7,-0.149,51.2669,15.204,80.1838,-1.01657,-826.421,489.45,0.147805,-0.809508,3.60727,0.877724,0.739571,-15.936,449.128,-101.137,35352.8,52722.5,0.248149,-0.709163,3.80796,0.978068,0.839915,0.262728,471.48,-99.4814,35375.1,0.0170146,1.58541,-0.00520732,27710.3 
158,44.663,0.51,0.04,0.44,1.7,158,37553.3,-0.0478351,51.0255,16.2678,80.1911,-0.140559,19.9909,500,-2.39781,-1.58298,-2.19019,-0.347705,-1.03501,54.4293,476.674,-121.416,37664.4,27113.1,-2.74054,-1.9257,-2.87564,-0.690432,-1.37774,0.700767,400.332,-127.071,37588.1,0.0136431,2.2496,-0.00626651,29343.1 
159,44.833,0.51,0.04,0.44,1.7,159,35887.8,-0.0318335,51.0244,15.4978,80.2065,-0.0351882,-53.3929,136.271,-0.994142,-1.81911,1.88161,1.5728,-0.968213,-3.43977,2986.35,-45.986,33360.4,25803.2,-0.972482,-1.79745,1.92493,1.59446,-0.946554,10.7665,2991.18,-45.6286,33365.3,0.104286,1.02743,-0.00252553,28682.4 
160,44.723,0.51,0.04,0.44,1.7,160,35137.1,-0.103972,49.4539,15.6716,80.2237,-0.0386879,-209.351,6.48272,-0.572909,-2.04251,-0.226866,2.93562,3.20642,64.4859,347.757,-57.7583,35336.4,25493.2,-0.97896,-2.44856,-1.03897,2.52957,2.80037,2.20326,257.309,-64.4582,35245.9,0.009392,1.78059,-0.00338025,27396.7 
161,44.703,0.51,0.04,0.44,1.7,161,36122.5,-0.1645,49.9433,16.084,80.1835,0.243409,-349.35,64.369,-1.82772,-1.19842,-3.43296,-2.42999,-1.11516,-43.3925,644.844,-111.044,36108.6,28917.9,-1.55448,-0.925187,-2.8865,-2.15676,-0.841932,0.654925,705.706,-106.536,36169.5,0.0247129,1.35904,-0.00545545,28556.2 
162,44.823,0.51,0.04,0.44,1.7,162,30795,-0.0280319,46.9307,14.3209,80.7492,-0.0473621,41.1793,1.26393,0.0768127,-1.77126,5.0456,2.68664,-1.95471,-19.8395,11566.3,64.5358,19461.7,21942.3,0.201737,-1.64634,5.29545,2.81157,-1.82978,-0.0957687,11594.1,66.597,19489.5,0.435852,0.990048,0.00625523,26601.1 
163,44.853,0.51,0.04,0.44,1.7,163,35613.8,-0.119138,50.8099,15.491,80.2077,-0.464813,821.228,23.3819,0.430649,0.512296,4.45657,3.36638,-0.0372866,18.652,1064.34,-87.1613,35051.1,38048.7,0.313202,0.39485,4.22168,3.24894,-0.154733,0.473864,1038.18,-89.0992,35024.9,0.0370681,1.17673,-0.00470816,28007.4 
164,44.683,0.51,0.04,0.44,1.7,164,36915.5,-0.0424524,49.459,16.465,80.1855,0.0250438,54.1166,500,0.803325,2.38653,0.0156695,-0.264168,3.05621,68.0344,657.405,-131.105,36588.6,26553.7,0.374931,1.95814,-0.841119,-0.692563,2.62781,1.24542,561.98,-138.174,36493.2,0.0196073,1.75522,-0.00702374,28661.7 
165,44.843,0.51,0.04,0.44,1.7,165,36071.4,0.0312131,49.1041,16.1528,80.0596,-0.0196799,0.192559,3.44171e-11,-1.09012,-0.310739,2.90889,2.4559,3.50942,47.2022,601.778,-122.45,35906.7,25820.4,-1.38734,-0.607958,2.31445,2.15868,3.2122,0.593245,535.572,-127.354,35840.5,0.0190373,1.71272,-0.00658878,28132.8 
166,45.003,0.51,0.04,0.44,1.7,166,35780.4,-0.135788,51.3941,15.4221,80.3878,-0.0191539,-5.67122,143.692,0.863033,-0.748238,-0.213175,2.98923,1.6858,54.0417,536.196,-121.949,35805.2,25805.4,0.522747,-1.08852,-0.893747,2.64894,1.34551,1.35257,460.397,-127.564,35729.4,0.0164592,1.94129,-0.00662038,27972 
167,44.743,0.51,0.04,0.44,1.7,167,36907.8,-0.138662,51.803,15.7794,80.4328,-0.133738,387.531,34.976,-0.025537,-1.41945,-0.669171,2.77242,5.20594,50.5159,467.721,-129.545,37000.5,28296.9,-0.343622,-1.73754,-1.30534,2.45433,4.88785,1.32999,396.867,-134.793,36929.7,0.0137645,2.46533,-0.00676919,28832.7 
168,44.803,0.51,0.04,0.44,1.7,168,34323.9,-0.116433,48.0111,15.8253,80.3603,0.112652,474.744,500,-1.74068,-0.749081,0.999231,2.2015,1.67282,-12.0927,3263.58,-51.101,31502.5,26474.7,-1.66453,-0.672936,1.15152,2.27764,1.74896,0.594629,3280.54,-49.8447,31519.4,0.119074,1.02732,-0.00292161,27550.5 
169,44.983,0.51,0.04,0.44,1.7,169,37047.7,-0.140015,50.5721,16.2265,80.3372,-0.0424905,129.449,489.954,0.962735,-0.461684,-1.56748,0.29464,-2.06094,103.522,570.402,-139.739,36958.9,26892.6,0.310886,-1.11353,-2.87118,-0.357208,-2.71279,0.574251,425.203,-150.495,36813.7,0.0147785,2.62735,-0.00758766,28771.8 
170,44.623,0.51,0.04,0.44,1.7,170,36924.5,-0.174138,52.2813,15.7189,80.0315,-0.0590154,124.484,272.103,-2.76434,-2.14376,-1.63166,-0.317393,-1.63065,59.081,513.531,-130.829,37113.2,26991.6,-3.13636,-2.51578,-2.3757,-0.68941,-2.00267,0.778385,430.664,-136.967,37030.4,0.0148792,2.25513,-0.00686029,28944.1 
171,44.773,0.51,0.04,0.44,1.7,171,36541.6,-0.153191,50.0985,16.1903,80.0671,0.119941,4.71206,0.724342,-0.782093,-0.938768,0.523369,-0.793363,1.79819,65.6418,741.092,-107.834,36353.8,26422.8,-1.19542,-1.3521,-0.303289,-1.20669,1.38486,0.886521,649.023,-114.654,36261.8,0.0227165,1.44749,-0.00585857,28570.6 
172,44.643,0.51,0.04,0.44,1.7,172,36267.5,-0.13899,51.1031,15.724,80.2438,-0.0968722,98.7699,485.023,-0.128112,-1.28974,4.04565,1.51094,0.11349,62.8464,392.471,-109.303,36559.9,26469.6,-0.523839,-1.68546,3.2542,1.11522,-0.282237,-0.732918,304.323,-115.832,36471.7,0.0107203,2.9948,-0.00588485,28387.6 
173,44.963,0.51,0.04,0.44,1.7,173,35333.8,0.0551571,50.6917,15.3495,80.3194,-0.0302188,11.2106,8.28101e-11,-2.13884,-0.841071,1.88369,3.65437,-0.115502,35.2808,451.056,-116.642,35537.9,25340.6,-2.361,-1.06323,1.43938,3.43221,-0.337656,-0.297072,401.571,-120.307,35488.4,0.0144827,2.1021,-0.00628407,27727.6 
174,44.943,0.51,0.04,0.44,1.7,174,35095.8,-0.134498,50.1952,15.4913,80.3165,-0.0540988,4.18711,494.945,-1.54031,0.442763,0.505922,4.37864,2.21725,27.9491,350.956,-91.8031,35369.9,25320.4,-1.71629,0.266775,0.153946,4.20265,2.04126,0.968889,311.755,-94.7069,35330.7,0.0113298,2.13504,-0.00496241,27516.4 
