cyc,freq (MHz),wiggle time pre,pulse time,wiggle time post,VVA,cyc,ROIsum,fBg,fA1,fWidth1,fCtr1,fA2,fWidth2,fCtr2,box1,box2,box3,box4,box5,box6,box7,box8,box9,Nfit,BZ-2,BZ-1,BZ0,BZ1,BZ2,Excited,c5,c7,c9,fraction95,fraction75,fraction97,sum95
225,44.923,0.6,0.04,0.35,1.7,225,38990.6,-0.0713627,52.574,16.4283,80.1028,0.252514,-113.67,497.287,-3.64121,-0.670834,-1.52413,2.46235,-2.6678,20.2152,529.625,-124.023,39193.7,29050.8,-3.7685,-0.798123,-1.77871,2.33506,-2.79509,0.738631,501.271,-126.123,39165.4,0.0163501,1.78671,-0.00596748,30658.6 
226,44.783,0.6,0.04,0.35,1.7,226,38619.1,-0.00693213,51.255,16.6614,79.983,-0.00252865,-7.65639,1.31928e-10,-3.12175,-2.05112,1.1291,0.640635,-0.0903416,26.5055,511.273,-101.821,38707.9,27800.5,-3.28865,-2.21802,0.795308,0.473737,-0.25724,1.17694,474.097,-104.574,38670.7,0.0156723,1.62869,-0.00500641,30250.6 
227,44.863,0.6,0.04,0.35,1.7,227,36016.7,-0.136981,49.5861,16.0906,80.3089,-0.078292,-40.7187,461.983,-2.35259,-1.53734,-1.68537,0.30096,-1.71187,2.29399,723.103,-106.574,36069.1,26077.1,-2.36703,-1.55178,-1.71426,0.286515,-1.72632,0.757629,719.886,-106.812,36065.9,0.0252674,1.35072,-0.00548549,28490.6 
228,44.813,0.6,0.04,0.35,1.7,228,39487.8,-0.168287,53.358,16.4328,80.554,-0.160657,328.213,52.5116,-0.824626,0.442655,-1.36919,0.665322,-0.29866,63.6281,618.749,-112.966,39516.3,30259.9,-1.22528,0.0420055,-2.17049,0.264673,-0.699309,0.427069,529.504,-119.577,39427.1,0.0171425,1.65344,-0.00561824,30888.3 
229,44.883,0.6,0.04,0.35,1.7,229,37380.5,-0.170885,53.0031,15.6847,80.774,-0.0694953,26.8587,8.63837,-1.04762,-1.29184,-5.63883,-0.857885,-1.44159,62.5399,577.315,-112.383,37373.1,27123.6,-1.44142,-1.68563,-6.42643,-1.25168,-1.83539,0.491602,489.597,-118.881,37285.3,0.0167674,1.7389,-0.00590808,29199.3 
230,44.793,0.6,0.04,0.35,1.7,230,36564.7,-0.0460945,51.4363,15.7227,79.9346,-0.0223353,-71.631,497.592,-0.0331306,-0.272441,3.74918,1.96845,-0.0813056,-13.1805,908.185,-80.4528,36350.1,26378.5,0.0498637,-0.189446,3.91517,2.05145,0.00168871,0.328297,926.672,-79.0834,36368.5,0.032031,1.17557,-0.00402177,28930.5 
231,44.763,0.6,0.04,0.35,1.7,231,34578.1,-0.114482,49.7481,15.3588,80.1779,-0.0345166,45.2602,2.89631,-2.4513,-3.61488,-1.39684,0.529693,3.90929,1.76862,338.708,-93.1512,34828.7,24923.9,-2.46243,-3.62602,-1.41911,0.518557,3.89815,0.540867,336.228,-93.335,34826.2,0.012383,1.94473,-0.00496138,27152.4 
232,44.903,0.6,0.04,0.35,1.7,232,37317.1,-0.00731229,52.1942,15.7455,80.3971,0.0204639,-9.73039,6.1811e-10,-2.89097,-1.75902,1.24288,0.846435,-0.253381,88.2324,578.061,-135.97,37312.8,26759.5,-3.44655,-2.3146,0.131724,0.290858,-0.808957,1.02143,454.307,-145.137,37189.1,0.0156174,2.26793,-0.0072412,29089.9 
233,44.663,0.6,0.04,0.35,1.7,233,37408.3,-0.151385,52.5017,15.8039,80.5784,-0.053271,-371.526,319.265,-2.0555,-2.60844,-3.94557,1.05898,-0.763657,16.0831,477.378,-116.94,37511.9,27654.8,-2.15677,-2.70971,-4.14811,0.957713,-0.864928,0.535059,454.82,-118.611,37489.3,0.0155114,1.83952,-0.00586235,29321.6 
234,44.833,0.6,0.04,0.35,1.7,234,30790.9,-0.0915897,48.801,13.9179,80.5073,-0.00363545,105.458,174.096,-0.53076,0.114517,0.477485,0.618482,-0.725992,-62.464,15675.5,120.946,15461,22123,-0.137441,0.507836,1.26412,1.0118,-0.332673,0.453623,15763.1,127.435,15548.7,0.568336,0.98605,0.0148732,27735.6 
235,44.723,0.6,0.04,0.35,1.7,235,37585.7,-0.154835,51.048,16.3371,80.3539,0.199211,206.948,187.79,-2.45809,-0.647492,3.41777,2.63079,-1.33988,67.0646,569.093,-106.364,37517.6,28490.7,-2.88038,-1.06978,2.57319,2.2085,-1.76217,3.76499,475.028,-113.332,37423.6,0.0162174,1.71678,-0.00560986,29291.2 
236,44.703,0.6,0.04,0.35,1.7,236,37102.9,-0.178924,50.6521,16.3262,79.9429,0.165055,20.4262,499.978,-0.0764324,1.24621,2.09221,0.565206,-0.359802,-37.0103,443.74,-124.773,37364.2,27029.9,0.156612,1.47926,2.5583,0.79825,-0.126758,0.474213,495.65,-120.927,37416.1,0.0169129,1.74508,-0.00598927,29306.1 
237,44.823,0.6,0.04,0.35,1.7,237,32350.4,0.00333906,48.9895,14.4593,80.4482,-0.00827943,-7.6163,7.88007e-11,-0.834008,1.25974,3.15277,1.18197,1.8229,-18.4026,5938.14,12.4339,26944,23061.4,-0.718132,1.37562,3.38453,1.29784,1.93877,0.535005,5963.95,14.3458,26969.8,0.223113,0.995808,0.000978898,26730.7 
238,44.853,0.6,0.04,0.35,1.7,238,36426.3,-0.0883451,51.0166,15.7414,80.4094,-0.072724,-5.71899,2.45854e-10,-1.92994,-0.800702,0.15256,1.44975,1.90884,11.9126,1282.76,-87.8917,35671.4,26156.2,-2.00495,-0.875712,0.00253838,1.37473,1.83382,0.992318,1266.05,-89.1294,35654.7,0.0440824,1.14051,-0.00462619,28720.2 
239,44.683,0.6,0.04,0.35,1.7,239,36009.9,-0.060997,50.8824,15.6211,80.4155,-0.0361144,-9.5082,9.33401e-12,-4.31818,-2.02018,-0.167688,1.63563,3.47926,4.43135,324.347,-108.722,36348.9,25885.9,-4.34608,-2.04808,-0.223494,1.60773,3.45135,0.856604,318.132,-109.182,36342.7,0.0112406,2.50373,-0.00556494,28302 
240,44.843,0.6,0.04,0.35,1.7,240,33624.5,-0.0675168,52.3011,14.1112,80.7142,-2.60715,4911.42,70.1299,-0.750692,0.864712,0.30923,-0.168338,0.268474,-36.1144,8978.37,38.0302,25074.5,440864,-0.523289,1.09211,0.764036,0.0590644,0.495877,0.595278,9029.02,41.7823,25125.2,0.318199,0.991967,0.003054,28375.4 
241,45.003,0.6,0.04,0.35,1.7,241,36761.4,-0.143044,51.1873,15.9167,80.4273,-0.0943134,314,265.678,-0.844589,-1.28804,2.45116,0.050452,0.838299,-15.473,526.155,-111.396,36745,27486.3,-0.74716,-1.19061,2.64602,0.147881,0.935728,-0.476691,547.857,-109.788,36766.7,0.0189844,1.5401,-0.00553107,28858.3 
242,44.743,0.6,0.04,0.35,1.7,242,35605.8,0.0101359,50.9642,15.4117,80.4175,-0.0349267,15.6769,500,-0.829745,-2.12997,-0.212143,2.27083,-1.90398,-12.0497,461.165,-100.767,35829,25586.7,-0.753871,-2.0541,-0.0603958,2.3467,-1.8281,0.974297,478.066,-99.5146,35845.9,0.0170255,1.57302,-0.0051403,28079.4 
243,44.803,0.6,0.04,0.35,1.7,243,36849.7,-0.134203,51.0841,16.0155,79.9658,0.0659159,126.141,500,-4.90334,-1.18146,0.215485,0.196342,2.68605,6.27789,1192.51,-111.492,36261.5,26903.7,-4.94288,-1.22099,0.136425,0.156812,2.64652,1.04231,1183.71,-112.145,36252.7,0.0406796,1.19875,-0.00573105,29098.3 
244,44.983,0.6,0.04,0.35,1.7,244,36786.2,-0.021607,50.7406,15.9761,80.1377,0.0146282,-19.6723,1.88541e-10,-3.10153,-0.642532,4.23797,2.55543,0.850459,41.5171,415.623,-114.684,36961.8,26398.3,-3.36296,-0.903954,3.71512,2.29401,0.589037,-0.59361,357.392,-118.997,36903.6,0.012421,2.39624,-0.00597543,28773.2 
245,44.623,0.6,0.04,0.35,1.7,245,38072.4,-0.156738,51.3406,16.4541,79.9854,-0.0962829,-37.6251,38.6447,-4.72891,-2.00608,1.43954,0.420135,0.257269,-0.656912,521.588,-106.343,38076.5,27617.8,-4.72477,-2.00194,1.44781,0.424271,0.261406,1.31521,522.509,-106.275,38077.5,0.0175091,1.55265,-0.00516792,29842.2 
246,44.773,0.6,0.04,0.35,1.7,246,35880.3,0.0216931,50.1369,15.7347,80.3068,-0.0138923,-56.4093,500,-1.64909,-2.23804,2.26249,2.56935,-1.17714,40.6713,610.938,-92.0165,35858.5,25706.5,-1.90519,-2.49414,1.7503,2.31326,-1.43323,1.98942,553.892,-96.2421,35801.4,0.0196968,1.43693,-0.00497663,28121 
247,44.643,0.6,0.04,0.35,1.7,247,38575.1,-0.145084,51.2761,16.6632,80.4442,-0.0438,155.86,42.7221,-2.51974,-1.1745,0.363257,0.355886,-0.991332,63.2408,509.716,-129.178,38607.4,28036.6,-2.91795,-1.57271,-0.433164,-0.0423253,-1.38954,0.931846,421.015,-135.748,38518.7,0.0139963,2.29492,-0.0065344,30080.4 
248,44.963,0.6,0.04,0.35,1.7,248,37911.2,-0.0101348,52.3362,15.9462,80.4043,-0.0179707,-18.344,500,-2.86655,-1.53882,0.647756,1.58641,0.709977,38.3996,430.433,-126.094,37995.9,27178.5,-3.10834,-1.78061,0.164172,1.34462,0.468185,1.05638,376.573,-130.084,37942.1,0.0127255,2.52859,-0.00635578,29592 
249,44.943,0.6,0.04,0.35,1.7,249,39582.9,-0.109382,52.8498,16.6292,79.8183,0.332121,-327.568,500,-1.69687,-2.22117,0.175996,1.94477,2.13965,3.23512,581.146,-133.41,39555.5,32151,-1.71724,-2.24154,0.135255,1.9244,2.11928,0.385627,576.608,-133.746,39551,0.0185818,1.68327,-0.00626835,31030.9 
